imageName longitude latitude altitude Omega Phi Kappa
DJI_0001.JPG -96.36149499 29.61726075 42.50186984 0.37660390 -1.04847845 -140.70029262
DJI_0002.JPG -96.36147975 29.61724931 42.58891174 0.37149149 -1.73515488 -148.65694918
DJI_0003.JPG -96.36146580 29.61723697 42.70421747 0.28092021 -1.95384408 -148.65735413
DJI_0004.JPG -96.36145346 29.61722359 42.71656405 0.47820420 -2.47671165 -149.27221134
DJI_0005.JPG -96.36144010 29.61721019 43.03974238 0.54662753 -2.77632014 -149.41115116
DJI_0006.JPG -96.36142697 29.61719749 43.01271002 0.47414789 -3.14294643 -149.67960794
DJI_0007.JPG -96.36141455 29.61718545 42.89425449 0.52935722 -3.17100196 -149.69050812
DJI_0008.JPG -96.36140191 29.61717298 42.72555656 0.63532257 -2.88901102 -150.00855212
DJI_0009.JPG -96.36138880 29.61715954 42.78850895 0.43852217 -3.32972311 -150.40988568
DJI_0010.JPG -96.36137516 29.61714601 42.67682102 0.61992702 -3.24516635 -150.20916908
DJI_0011.JPG -96.36136093 29.61713200 42.79171680 0.66036393 -3.26542634 -149.93012516
DJI_0012.JPG -96.36134730 29.61711748 42.70540408 0.43655861 -3.37134926 -151.12585387
DJI_0013.JPG -96.36133439 29.61710237 42.63425209 1.03609878 -3.74650350 -150.84906798
DJI_0014.JPG -96.36131932 29.61708976 42.57316267 1.47821229 -3.59973715 -151.02144560
DJI_0015.JPG -96.36129453 29.61706513 42.88655164 1.78808009 -3.57891634 -151.30730529
DJI_0016.JPG -96.36128127 29.61705291 42.84501826 1.39685493 -3.59693001 -151.16416409
DJI_0017.JPG -96.36126802 29.61703992 42.66655607 1.45890634 -3.40251173 -151.14006210
DJI_0018.JPG -96.36125377 29.61702726 42.47026207 1.54855782 -2.84521423 -151.34160535
DJI_0019.JPG -96.36124114 29.61701444 42.48401619 2.04276894 -2.75541962 -151.69308631
DJI_0020.JPG -96.36122926 29.61699950 42.38492268 1.66842858 -3.35875290 -151.46798401
DJI_0021.JPG -96.36121598 29.61698803 42.62483873 2.09214446 -3.00654339 -151.07520859
DJI_0022.JPG -96.36120090 29.61697497 42.74207293 2.39072899 -2.97384432 -150.74639943
DJI_0023.JPG -96.36117603 29.61694848 42.60875959 2.11268948 -2.76386045 -150.15331062
DJI_0024.JPG -96.36116367 29.61693523 42.58847391 2.50056003 -2.87861523 -150.44009168
DJI_0025.JPG -96.36114978 29.61692228 42.68359603 2.51918340 -2.61773355 -150.78474316
DJI_0026.JPG -96.36113661 29.61690909 42.47163623 2.30455055 -3.07186388 -150.75923908
DJI_0027.JPG -96.36112156 29.61689748 42.36749098 2.64841246 -2.56785328 -151.15389744
DJI_0028.JPG -96.36110812 29.61688505 42.47777361 2.42032888 -2.80694480 -151.75023384
DJI_0029.JPG -96.36109315 29.61687315 42.40190131 2.98678179 -3.08119266 -151.77019666
DJI_0030.JPG -96.36104995 29.61683767 42.80936490 0.05211300 -1.67464452 -152.06179299
DJI_0031.JPG -96.36103697 29.61682394 42.73159917 0.09117377 -1.83349682 -151.93113862
DJI_0032.JPG -96.36102371 29.61681195 42.68408844 -0.10701739 -1.63091620 -152.20540250
DJI_0033.JPG -96.36100975 29.61679741 42.83516515 -0.19220208 -2.05368338 -152.06352008
DJI_0034.JPG -96.36099681 29.61678438 43.05062292 -0.27241061 -2.31848536 -151.42265870
DJI_0035.JPG -96.36098336 29.61677289 43.23647524 -0.06009504 -2.19931030 -151.50724342
DJI_0036.JPG -96.36095618 29.61674846 43.10085080 0.49670299 -2.74705260 -151.29779262
DJI_0037.JPG -96.36097752 29.61673216 42.82433681 -0.41393521 -3.25604916 56.25141574
DJI_0038.JPG -96.36098887 29.61674320 42.56712119 -1.03738612 -0.59704114 56.35888219
DJI_0039.JPG -96.36100272 29.61675582 42.55950805 -1.57351557 0.60248766 55.40329481
DJI_0040.JPG -96.36101699 29.61676823 42.57150571 -1.95490928 1.75863387 54.47632399
DJI_0041.JPG -96.36103140 29.61678155 42.56979585 -1.89121218 1.92846571 56.17797983
DJI_0042.JPG -96.36104640 29.61679460 42.49952965 -2.19430878 2.40749920 56.61383532
DJI_0043.JPG -96.36106116 29.61680755 42.43178793 -2.46065057 2.63034444 56.94514877
DJI_0044.JPG -96.36107589 29.61682130 42.32544184 -2.90357298 2.48634820 56.84097929
DJI_0045.JPG -96.36110289 29.61684412 42.16159293 -0.48506667 2.16474694 59.73871702
DJI_0046.JPG -96.36111556 29.61685774 42.14110768 -0.36096506 2.16275301 60.69712892
DJI_0047.JPG -96.36112883 29.61686897 42.06310839 -0.34863589 1.86395303 61.50437833
DJI_0048.JPG -96.36114258 29.61688128 41.99831471 -0.91079007 2.40062487 60.10078803
DJI_0049.JPG -96.36115764 29.61689434 42.01140691 -0.40874285 1.75631185 60.20046035
DJI_0050.JPG -96.36116930 29.61690798 41.77172339 -0.71810059 2.45317775 61.45866806
DJI_0051.JPG -96.36118398 29.61691994 41.78443258 -0.80890135 2.63586118 60.60690433
DJI_0052.JPG -96.36119894 29.61693343 41.89240926 -0.76177346 2.41206190 60.91721073
DJI_0053.JPG -96.36121182 29.61694743 41.91279966 -1.47986439 2.47573432 60.96934753
DJI_0054.JPG -96.36122568 29.61696137 41.71810799 -1.06169937 1.91270705 63.30784711
DJI_0055.JPG -96.36125382 29.61698731 41.83331007 -1.62342035 1.94978687 62.30542716
DJI_0056.JPG -96.36126518 29.61700023 41.74146733 -1.82828108 1.97866608 61.98778365
DJI_0057.JPG -96.36128006 29.61701187 41.87460690 -2.15019685 1.84909566 61.29997592
DJI_0058.JPG -96.36129337 29.61702546 41.95460753 -1.76876492 1.61825585 62.56504798
DJI_0059.JPG -96.36130307 29.61703721 41.92668084 -2.10307506 1.50651832 62.65827934
DJI_0060.JPG -96.36131654 29.61705005 41.79643702 -1.78890811 1.78913421 62.31228210
DJI_0061.JPG -96.36132963 29.61706299 41.98472124 -1.76173637 1.69064368 62.69996335
DJI_0062.JPG -96.36134402 29.61707535 41.88073777 -2.05625376 0.86933598 62.28604832
DJI_0063.JPG -96.36135779 29.61708832 41.67799063 -2.01716600 0.82854210 62.42711755
DJI_0064.JPG -96.36137119 29.61710144 41.64524470 -2.23684580 1.03323478 62.53753651
DJI_0065.JPG -96.36138380 29.61711487 41.51944693 -2.51116667 1.31855575 62.77155422
DJI_0066.JPG -96.36139664 29.61712725 41.49073249 -2.38971002 1.35376541 62.78287207
DJI_0067.JPG -96.36140961 29.61714043 41.42327555 -2.52867319 1.53017435 62.35798034
DJI_0068.JPG -96.36142509 29.61715305 41.70758343 -2.41907735 1.34353456 62.33968980
DJI_0069.JPG -96.36143740 29.61716599 41.84935641 -2.01981359 1.15695559 62.88016629
DJI_0070.JPG -96.36145139 29.61717810 42.17807783 -1.83853804 1.51333352 62.31563772
DJI_0071.JPG -96.36146416 29.61719067 42.28664023 -2.22168376 1.55469725 61.94064727
DJI_0072.JPG -96.36149300 29.61721894 42.11970569 -2.45445676 1.25140286 61.86315415
DJI_0073.JPG -96.36150670 29.61723163 42.15125950 -2.40943754 1.62157742 60.72146321
DJI_0074.JPG -96.36152131 29.61724468 42.03846919 -3.11966764 1.58163435 61.84365663
DJI_0075.JPG -96.36153380 29.61725650 41.96651953 -3.06266547 1.25986322 64.14106597
DJI_0076.JPG -96.36154666 29.61726974 41.67901384 -3.23573876 1.62054130 63.29430823
DJI_0077.JPG -96.36156068 29.61728208 41.66125947 -3.00588656 1.91203147 62.20430100
DJI_0078.JPG -96.36157397 29.61729357 41.77572105 -3.22768663 1.95119737 62.77247425
DJI_0079.JPG -96.36158827 29.61730550 41.93327147 -3.08537563 1.87523225 62.29672136
DJI_0080.JPG -96.36160172 29.61731853 41.86452055 -3.12667955 2.00378381 62.35132344
DJI_0081.JPG -96.36161451 29.61733098 42.05504566 -3.06419356 2.18279775 62.17623265
DJI_0082.JPG -96.36162779 29.61734443 42.09647011 -2.94218311 1.77507172 62.28230625
DJI_0083.JPG -96.36164121 29.61735684 42.25848496 -2.44973562 2.85993570 62.11607523
DJI_0084.JPG -96.36165556 29.61736930 42.62613456 -2.20931323 2.46247409 62.86783040
DJI_0085.JPG -96.36167685 29.61735641 42.84378627 -1.10765824 2.72431311 -109.55391746
DJI_0086.JPG -96.36166701 29.61734256 43.19417884 0.44615382 1.50856969 -146.71728280
DJI_0087.JPG -96.36165367 29.61733006 43.28889597 0.56491221 -0.05873876 -146.77421225
DJI_0088.JPG -96.36164014 29.61731669 43.43740857 0.92929632 -1.22069774 -146.73089187
DJI_0089.JPG -96.36162698 29.61730396 43.54101599 0.73638056 -0.83610115 -147.20700105
DJI_0090.JPG -96.36161321 29.61729146 43.49427533 1.11841197 -2.27746760 -147.20949513
DJI_0091.JPG -96.36160010 29.61727702 43.57327546 0.77225490 -2.84286820 -147.80307409
DJI_0092.JPG -96.36158641 29.61726615 43.44973160 0.89595792 -2.65847615 -148.01082879
DJI_0093.JPG -96.36157233 29.61725438 43.49319881 0.95972267 -2.52329186 -148.84759317
DJI_0094.JPG -96.36155946 29.61724104 43.50468266 0.45118321 -2.66210708 -148.97482302
DJI_0095.JPG -96.36154650 29.61722751 43.57340058 0.45922738 -3.30624361 -148.91321535
DJI_0096.JPG -96.36153366 29.61721569 43.46811829 0.28611239 -2.67416008 -149.77008480
DJI_0097.JPG -96.36152032 29.61720270 43.48384305 0.23711913 -2.78911958 -148.91380582
DJI_0098.JPG -96.36150704 29.61718985 43.44020508 0.36904812 -2.87719483 -149.59585397
DJI_0099.JPG -96.36149450 29.61717696 43.35388414 0.28068917 -3.04564684 -149.49121050
DJI_0100.JPG -96.36148119 29.61716323 43.53484097 0.76278381 -3.25021890 -149.38836848
DJI_0101.JPG -96.36146734 29.61715029 43.72110286 0.41111755 -3.71582190 -148.98064008
DJI_0102.JPG -96.36143932 29.61712614 43.94142918 0.65677170 -3.02116144 -149.44577037
DJI_0103.JPG -96.36141113 29.61710068 43.90132001 0.60110820 -3.42866883 -149.93206163
DJI_0104.JPG -96.36139881 29.61708794 43.83201289 -0.01098790 -3.40487455 -149.96726602
DJI_0105.JPG -96.36138542 29.61707482 43.69696518 -0.16875927 -3.23383404 -149.99764878
DJI_0106.JPG -96.36137095 29.61706105 43.59865730 0.14987686 -2.64249957 -150.49059548
DJI_0107.JPG -96.36135675 29.61704798 43.41562115 0.05171483 -2.01793022 -150.31443835
DJI_0108.JPG -96.36134379 29.61703567 43.22590118 0.14851729 -2.60136210 -150.87944298
DJI_0109.JPG -96.36133043 29.61702211 43.29171916 -0.13457886 -2.31815137 -150.07629873
DJI_0110.JPG -96.36131650 29.61700970 43.34794341 0.18941744 -2.05708301 -150.44023461
DJI_0111.JPG -96.36130399 29.61699637 43.36664740 -0.28214154 -2.38259646 -150.03984157
DJI_0112.JPG -96.36129085 29.61698451 43.22566192 0.03139266 -2.09571565 -150.61175551
DJI_0113.JPG -96.36127792 29.61697049 43.28956543 -0.03916314 -2.42600623 -150.49113687
DJI_0114.JPG -96.36126304 29.61695894 43.43698092 0.11279459 -2.13434252 -150.91010394
DJI_0115.JPG -96.36124959 29.61694582 43.39121414 -0.11373412 -2.29065181 -150.64707191
DJI_0116.JPG -96.36123582 29.61693293 43.51444514 -0.17115326 -2.40935069 -150.74283806
DJI_0117.JPG -96.36120825 29.61690784 43.41156742 -0.42773416 -2.54565675 -150.68720614
DJI_0118.JPG -96.36119340 29.61689734 43.21071473 -0.00273534 -2.48104001 -150.95750376
DJI_0119.JPG -96.36117981 29.61688439 43.13053093 0.66989868 -2.15170419 -150.06853295
DJI_0120.JPG -96.36116596 29.61687223 43.14743713 0.07438946 -1.93579824 -151.32434148
DJI_0121.JPG -96.36115323 29.61685957 43.14100421 0.51098438 -2.00388893 -150.76809046
DJI_0122.JPG -96.36114120 29.61684470 43.05730014 -0.29444961 -1.85519964 -151.35643307
DJI_0123.JPG -96.36112736 29.61683165 43.10475775 -0.06335278 -1.79667063 -150.99522196
DJI_0124.JPG -96.36111281 29.61681833 43.01313202 0.09835242 -2.08514104 -150.73745033
DJI_0125.JPG -96.36109898 29.61680566 42.97669187 -0.23675688 -1.43914593 -151.45928855
DJI_0126.JPG -96.36108609 29.61679261 43.03552096 0.04599561 -1.68836957 -151.20789332
DJI_0127.JPG -96.36107414 29.61677909 43.10587065 0.04597872 -1.52672263 -150.44207376
DJI_0128.JPG -96.36106018 29.61676701 43.22534735 0.05071113 -1.66469503 -150.94245052
DJI_0129.JPG -96.36104660 29.61675374 43.39735374 0.06060769 -1.28225281 -151.74124552
DJI_0130.JPG -96.36103367 29.61674061 43.41921845 0.43301905 -1.77570561 -151.31570591
DJI_0131.JPG -96.36102075 29.61672784 43.40933812 0.26327177 -2.08128226 -151.18308199
DJI_0132.JPG -96.36100840 29.61671508 43.36974713 -0.22468939 -2.61167474 -150.92046542
DJI_0133.JPG -96.36102670 29.61670002 43.34390994 -0.43273758 -3.56313801 59.30466037
DJI_0134.JPG -96.36104115 29.61670991 43.41070066 -1.07138187 -1.58467528 57.30948342
DJI_0135.JPG -96.36105529 29.61672345 43.44247314 -1.40851515 0.14588853 57.82564826
DJI_0136.JPG -96.36106768 29.61673691 43.29354024 -2.04361872 1.16958733 57.28420006
DJI_0137.JPG -96.36109658 29.61676110 43.16142864 -2.44974031 1.95538666 58.57114092
DJI_0138.JPG -96.36111129 29.61677377 43.23965089 -2.78942363 2.45599980 57.51313323
DJI_0139.JPG -96.36112432 29.61678836 43.27369700 -2.97811289 2.42882231 59.97926199
DJI_0140.JPG -96.36113710 29.61680059 43.33431685 -3.12928459 2.94260959 59.71365271
DJI_0141.JPG -96.36115144 29.61681386 43.26564778 -3.09779456 2.98098812 59.99944108
DJI_0142.JPG -96.36116635 29.61682726 43.27433157 -2.99412709 2.88950894 60.42681109
DJI_0143.JPG -96.36117843 29.61684043 43.09504377 -3.27341904 3.06226942 60.48140420
DJI_0144.JPG -96.36119364 29.61685267 43.15557747 -3.29542797 3.08858428 59.89348309
DJI_0145.JPG -96.36120725 29.61686498 43.30552357 -2.91198566 3.01528329 57.63383781
DJI_0146.JPG -96.36122015 29.61687761 43.21939506 -3.19005981 2.95503351 59.00382016
DJI_0147.JPG -96.36123318 29.61689183 43.10332670 -2.87966518 2.74512037 60.84890036
DJI_0148.JPG -96.36124733 29.61690393 43.01068396 -3.10962799 2.82299580 61.46173576
DJI_0149.JPG -96.36126104 29.61691775 42.98909355 -3.47809540 2.84308887 60.73276329
DJI_0150.JPG -96.36127554 29.61693004 42.93107184 -2.93242394 2.46834412 60.24996499
DJI_0151.JPG -96.36128792 29.61694412 42.83662507 -2.83442882 2.70971567 60.67255895
DJI_0152.JPG -96.36130140 29.61695765 42.93565999 -2.74890981 2.46580053 58.78652107
DJI_0153.JPG -96.36131276 29.61697075 42.96133839 -2.58077745 2.34180058 60.71518904
DJI_0154.JPG -96.36132648 29.61698339 42.73005361 -2.56749702 2.37743624 60.48229850
DJI_0155.JPG -96.36133922 29.61699745 42.74342814 -2.41547631 2.45998831 59.91242852
DJI_0156.JPG -96.36135143 29.61700982 42.61544661 -2.41615711 2.05393148 63.15402444
DJI_0157.JPG -96.36136550 29.61702178 42.47785653 -2.49281204 2.04578727 63.00952820
DJI_0158.JPG -96.36137956 29.61703422 42.41999939 -2.45968647 1.97053243 63.13511074
DJI_0159.JPG -96.36139218 29.61704714 42.33116577 -2.42429701 1.84561928 63.35384199
DJI_0160.JPG -96.36140684 29.61705992 42.34472459 -2.59211228 2.09204741 62.56238849
DJI_0161.JPG -96.36142029 29.61707321 42.59331837 -2.87370393 2.11218401 61.72838509
DJI_0162.JPG -96.36143448 29.61708666 42.63279976 -2.61318516 1.72569074 62.10709254
DJI_0163.JPG -96.36144765 29.61709979 42.54462884 -2.51259046 1.70311659 63.18683918
DJI_0164.JPG -96.36146289 29.61711126 42.59757027 -2.49716476 1.79188927 62.00370151
DJI_0165.JPG -96.36147637 29.61712368 42.55797924 -2.50177570 1.63119505 58.97276860
DJI_0166.JPG -96.36148722 29.61713618 42.72410003 -2.24467737 1.65233808 58.23447868
DJI_0167.JPG -96.36149848 29.61714904 43.06994258 -1.87714710 1.74541652 63.27706305
DJI_0168.JPG -96.36151240 29.61716238 43.13795537 -1.95933377 1.63002248 62.65447222
DJI_0169.JPG -96.36152552 29.61717537 43.20931499 -2.02867639 1.48819266 63.48708362
DJI_0170.JPG -96.36153969 29.61718949 43.23630900 -2.04076639 1.66589788 62.37627856
DJI_0171.JPG -96.36155436 29.61720271 43.34785160 -2.35669295 1.55655225 62.48681926
DJI_0172.JPG -96.36156900 29.61721611 43.51725910 -1.87632667 2.25658783 62.32068116
DJI_0173.JPG -96.36158314 29.61722864 43.54725239 -2.04604726 1.73302498 61.72917068
DJI_0174.JPG -96.36159728 29.61724215 43.54456542 -2.29001395 3.51314231 37.29686106
DJI_0175.JPG -96.36161040 29.61725495 43.37953193 -1.86387495 3.29653630 35.58091577
DJI_0176.JPG -96.36162264 29.61726772 43.25650257 -1.80985962 3.37137654 36.31445637
DJI_0177.JPG -96.36163560 29.61728066 43.10901335 -1.50547532 3.19023586 36.25717288
DJI_0178.JPG -96.36164764 29.61729410 43.29465690 -1.33977267 2.39986107 54.76925743
DJI_0179.JPG -96.36166178 29.61730643 43.14904835 -1.36795937 2.13098554 58.42819832
DJI_0180.JPG -96.36167603 29.61731971 42.98606763 -1.51594069 2.13583186 58.95755712
DJI_0181.JPG -96.36168958 29.61733309 42.82874272 -1.82114993 1.68001668 64.37561895
DJI_0182.JPG -96.36170390 29.61734479 42.78090287 -1.31765635 1.47487092 64.13821727
DJI_0183.JPG -96.36172425 29.61732982 42.87023224 -0.71909626 3.64635469 -122.51994138
DJI_0184.JPG -96.36171294 29.61731789 43.09108516 -0.03663587 2.37655548 -145.56602399
DJI_0185.JPG -96.36169869 29.61730478 42.94172264 0.51622585 0.27521570 -145.28040639
DJI_0186.JPG -96.36168611 29.61729081 42.75075882 0.36962014 -0.10621112 -147.48678354
DJI_0187.JPG -96.36167317 29.61727818 42.75239963 0.22952274 -0.85013060 -147.60136844
DJI_0188.JPG -96.36165966 29.61726455 42.96029417 0.74887063 -1.73065776 -147.54821571
DJI_0189.JPG -96.36164596 29.61725188 43.06239250 0.81404590 -2.34831734 -147.37868033
DJI_0190.JPG -96.36163314 29.61723793 43.38078724 0.00450838 -2.60685024 -147.68701658
DJI_0191.JPG -96.36161827 29.61722620 43.40555972 0.76681813 -2.64511743 -148.29206552
DJI_0192.JPG -96.36160580 29.61721332 43.33762550 0.44758664 -2.84186306 -148.68304987
DJI_0193.JPG -96.36159212 29.61719917 43.15986861 0.31881888 -3.24035281 -148.65626535
DJI_0194.JPG -96.36157847 29.61718619 43.06515707 0.28490473 -2.76066757 -149.36608581
DJI_0195.JPG -96.36156511 29.61717313 43.18690018 0.52820182 -3.07119257 -148.94417129
DJI_0196.JPG -96.36155161 29.61715933 43.32774950 0.25385915 -2.87800036 -149.13874717
DJI_0197.JPG -96.36153788 29.61714614 43.46416902 0.21817761 -3.19891874 -149.64989398
DJI_0198.JPG -96.36152399 29.61713416 43.46558446 0.19794928 -2.78419715 -149.56414653
DJI_0199.JPG -96.36150933 29.61712132 43.56578407 0.60812290 -3.50377340 -149.12308662
DJI_0200.JPG -96.36149654 29.61710831 43.74931127 -0.03949727 -3.16803369 -149.38651357
DJI_0201.JPG -96.36148147 29.61709543 43.64255167 0.50665597 -3.44280879 -149.75597708
DJI_0202.JPG -96.36146807 29.61708263 43.59855557 -0.15893122 -2.99326312 -149.92569928
DJI_0203.JPG -96.36145456 29.61706929 43.64418423 0.16403655 -3.06581377 -149.77608760
DJI_0204.JPG -96.36144001 29.61705678 43.56547200 0.55061663 -2.41710468 -150.40988730
DJI_0205.JPG -96.36142833 29.61704365 43.56933250 -0.00402948 -2.64739133 -150.57618103
DJI_0206.JPG -96.36141452 29.61703020 43.48647348 0.36834239 -2.40914583 -150.45026488
DJI_0207.JPG -96.36140155 29.61701805 43.59693985 0.41517387 -2.50202707 -150.62178352
DJI_0208.JPG -96.36138742 29.61700470 43.64866493 0.32068772 -2.57147862 -150.60920477
DJI_0209.JPG -96.36137414 29.61699240 43.76461424 0.45143128 -2.57070224 -150.20281614
DJI_0210.JPG -96.36136070 29.61697978 43.77704861 0.34522940 -2.60885854 -150.38040789
DJI_0211.JPG -96.36134589 29.61696722 43.72624670 0.64534700 -2.43947864 -150.77346966
DJI_0212.JPG -96.36133341 29.61695404 43.66563549 0.60263564 -2.28222613 -151.11688265
DJI_0213.JPG -96.36132009 29.61694102 43.50019383 0.10604043 -2.30344072 -150.36739123
DJI_0214.JPG -96.36130537 29.61692809 43.55784125 0.49070825 -2.51056929 -150.10765464
DJI_0215.JPG -96.36129150 29.61691505 43.64395923 -0.10365227 -2.49953539 -150.45341479
DJI_0216.JPG -96.36127732 29.61690233 43.52451838 0.42385798 -2.67389959 -149.84887137
DJI_0217.JPG -96.36126288 29.61689048 43.49626537 0.46232002 -1.91440810 -150.69439508
DJI_0218.JPG -96.36124863 29.61687705 43.49957631 0.10596612 -1.96434147 -150.40144480
DJI_0219.JPG -96.36123537 29.61686416 43.49821293 0.30563787 -2.26286424 -150.46050273
DJI_0220.JPG -96.36122183 29.61685078 43.78146982 0.75700491 -2.54105388 -150.67936603
DJI_0221.JPG -96.36120868 29.61683816 43.77581954 0.23625985 -2.03513060 -150.81802503
DJI_0222.JPG -96.36118140 29.61681161 44.04320246 0.39887718 -2.59496034 -150.61679175
DJI_0223.JPG -96.36116774 29.61679855 43.92670849 0.54580646 -2.18568069 -150.62069019
DJI_0224.JPG -96.36115471 29.61678569 43.76147551 0.14049067 -1.98285609 -150.87360658
DJI_0225.JPG -96.36114131 29.61677232 43.61192426 0.52504621 -2.48030837 -150.79113081
DJI_0226.JPG -96.36112855 29.61675906 43.70165292 0.32011971 -2.57296791 -150.57629494
DJI_0227.JPG -96.36111538 29.61674677 43.84773039 0.16648472 -2.51142834 -150.32103572
DJI_0228.JPG -96.36110160 29.61673444 43.99016524 0.32917461 -2.30447663 -150.80446377
DJI_0229.JPG -96.36108939 29.61672114 43.78862632 -0.13913685 -2.28407328 -150.48361963
DJI_0230.JPG -96.36107630 29.61670870 43.58746795 0.16172738 -2.13761694 -151.19403869
DJI_0231.JPG -96.36106249 29.61669461 43.54717028 -0.03439824 -2.25823786 -150.43996411
DJI_0232.JPG -96.36104853 29.61668212 43.59408309 0.39164877 -2.53971913 -150.86191918
DJI_0233.JPG -96.36106686 29.61666480 43.57931018 -0.49191483 -3.10338383 56.31331644
DJI_0234.JPG -96.36108153 29.61667618 43.74326273 -1.40041886 -0.72233007 53.37097922
DJI_0235.JPG -96.36109310 29.61669038 43.59302924 -2.02924453 1.11902805 54.53615654
DJI_0236.JPG -96.36110689 29.61670344 43.33414990 -2.54591306 1.65616159 57.85490064
DJI_0237.JPG -96.36112128 29.61671637 43.01902932 -2.96594902 2.12407272 58.94846765
DJI_0238.JPG -96.36113542 29.61672909 43.07797418 -2.72530463 2.26563443 58.73489778
DJI_0239.JPG -96.36114976 29.61674137 43.20031692 -2.38905478 2.55093772 58.18437254
DJI_0240.JPG -96.36116347 29.61675440 43.30367982 -2.74098595 2.53460217 59.37773573
DJI_0241.JPG -96.36117849 29.61676711 43.26554970 -2.80082430 2.68204789 59.08248972
DJI_0242.JPG -96.36119109 29.61677993 43.15839480 -2.85683550 3.03874418 59.57763403
DJI_0243.JPG -96.36120608 29.61679228 43.08166546 -3.27673889 3.00445058 60.17193923
DJI_0244.JPG -96.36122073 29.61680524 43.13113542 -3.01179296 2.76204616 59.26340392
DJI_0245.JPG -96.36123524 29.61681849 43.29753723 -2.58101586 3.27480447 55.97374906
DJI_0246.JPG -96.36124904 29.61683196 43.44421795 -2.65575197 3.15091094 56.20718296
DJI_0247.JPG -96.36126194 29.61684453 43.53585517 -2.61652081 3.14602366 55.93230963
DJI_0248.JPG -96.36127499 29.61685771 44.39291169 -2.68917672 2.93641390 56.33292091
DJI_0249.JPG -96.36130163 29.61688430 43.48937434 -2.52446671 2.92605960 53.64624388
DJI_0250.JPG -96.36131407 29.61689745 43.42216196 -2.47458487 3.00715173 59.00392038
DJI_0251.JPG -96.36133041 29.61691055 43.37722418 -2.30746917 2.74945112 52.39353193
DJI_0252.JPG -96.36134414 29.61692419 43.35419655 -2.22962893 2.70205331 53.03029773
DJI_0253.JPG -96.36135718 29.61693506 43.27523705 -2.37891623 2.70062752 56.29845756
DJI_0254.JPG -96.36137217 29.61694891 43.22339766 -2.61000252 2.57225298 57.05159373
DJI_0255.JPG -96.36138550 29.61696100 43.31296123 -2.43668920 2.55701248 56.66359214
DJI_0256.JPG -96.36139954 29.61697381 43.41583114 -2.57906291 2.95482349 54.64708234
DJI_0257.JPG -96.36141343 29.61698769 43.47605242 -2.58204448 2.86379996 54.97001732
DJI_0258.JPG -96.36142797 29.61700031 43.32883971 -1.84407113 3.19693579 49.08681060
DJI_0259.JPG -96.36143930 29.61701292 43.41288997 -2.06798656 2.98920831 51.77522951
DJI_0260.JPG -96.36145383 29.61702553 43.27195314 -2.04585012 2.88783373 51.86339186
DJI_0261.JPG -96.36146690 29.61703870 43.30522195 -2.06352626 2.85768687 55.12159627
DJI_0262.JPG -96.36148140 29.61705145 43.48769245 -2.04762544 2.57151692 52.29222337
DJI_0263.JPG -96.36149332 29.61706404 43.28609224 -2.05506395 2.49537967 52.14229867
DJI_0264.JPG -96.36152069 29.61709014 43.07810791 -1.95623618 2.46700549 50.84493797
DJI_0265.JPG -96.36153403 29.61710280 42.97694932 -0.63334359 2.36824975 39.78773033
DJI_0266.JPG -96.36154774 29.61711650 43.08783740 -1.14573989 2.44236013 43.45672598
DJI_0267.JPG -96.36156030 29.61712930 43.13533159 -1.11478033 2.47495130 43.65066589
DJI_0268.JPG -96.36157455 29.61714306 43.07922641 -0.47130740 2.41645870 35.90056824
DJI_0269.JPG -96.36158751 29.61715598 43.16259066 -0.68912369 2.50515631 38.03295753
DJI_0270.JPG -96.36160043 29.61716875 43.24574384 -0.46541170 2.79664711 38.67030039
DJI_0271.JPG -96.36161508 29.61718219 43.21846529 -0.58791615 2.66877159 37.75794826
DJI_0272.JPG -96.36162937 29.61719660 43.17778164 -0.59222555 2.62018451 36.98259547
DJI_0273.JPG -96.36164209 29.61720955 43.14948695 -0.66724446 2.40483768 37.42787890
DJI_0274.JPG -96.36165594 29.61722142 43.25995235 -1.05765830 2.66313623 37.00495268
DJI_0275.JPG -96.36166994 29.61723356 43.29395040 -0.87915694 2.73789627 36.76042252
DJI_0276.JPG -96.36168414 29.61724749 43.15930920 -0.82516588 3.05554359 39.55916236
DJI_0277.JPG -96.36169636 29.61726049 43.07881000 -1.42556928 2.35868559 59.40667621
DJI_0278.JPG -96.36171008 29.61727278 42.97783330 -1.78227741 2.09821806 59.78405643
DJI_0279.JPG -96.36172343 29.61728638 42.65085049 -1.82635710 2.13235080 63.09880692
DJI_0280.JPG -96.36173716 29.61729735 42.61442417 -1.88708054 2.13057969 62.44194789
DJI_0281.JPG -96.36175206 29.61731043 42.54793765 -1.97247744 1.37443957 64.02796411
DJI_0282.JPG -96.36177350 29.61729481 42.36187271 -2.23948322 2.76983112 -144.79472421
DJI_0283.JPG -96.36176100 29.61728274 42.43486439 -0.75269337 1.07525626 -146.33583233
DJI_0284.JPG -96.36174816 29.61727056 42.65146835 -0.45305885 0.16322667 -146.63920638
DJI_0285.JPG -96.36173399 29.61725532 42.88927556 0.41385165 -2.03217235 -135.58952415
DJI_0286.JPG -96.36172063 29.61724306 42.99222368 -0.11210296 -1.88163976 -145.99916070
DJI_0287.JPG -96.36170596 29.61723039 43.01798248 -0.07153232 -2.61972537 -146.98283650
DJI_0288.JPG -96.36169206 29.61721725 42.94966976 0.22598882 -2.96303146 -146.88443282
DJI_0289.JPG -96.36167791 29.61720492 43.03521005 0.66181660 -3.26631618 -146.55973929
DJI_0290.JPG -96.36166397 29.61719240 43.00723024 0.52841479 -3.28568312 -147.92318394
DJI_0291.JPG -96.36165188 29.61717918 42.97326260 0.50810042 -4.07321542 -146.98251577
DJI_0292.JPG -96.36163766 29.61716705 43.02348782 0.97164701 -4.05508925 -137.51033040
DJI_0293.JPG -96.36162279 29.61715564 42.97512049 0.09841331 -3.79435705 -147.71296669
DJI_0294.JPG -96.36160912 29.61714197 43.08741088 0.54305571 -3.75248118 -146.72076285
DJI_0295.JPG -96.36159466 29.61712791 43.10208536 0.57069327 -3.49543941 -147.83465048
DJI_0296.JPG -96.36158203 29.61711374 43.10859727 0.87452491 -3.58275440 -143.42944617
DJI_0297.JPG -96.36156827 29.61710059 42.91626950 0.54902871 -3.22080029 -146.34949542
DJI_0298.JPG -96.36155429 29.61708633 42.90780229 0.41181448 -3.19444690 -148.70960162
DJI_0299.JPG -96.36154024 29.61707480 42.85205644 0.84928664 -2.49134767 -149.43306238
DJI_0300.JPG -96.36152736 29.61706130 42.66643305 0.39628209 -2.81345926 -149.80019308
DJI_0301.JPG -96.36151276 29.61704939 42.47364586 0.56490976 -2.44122111 -150.24071303
DJI_0302.JPG -96.36149921 29.61703603 42.39148914 0.61900053 -2.81976224 -150.13694808
DJI_0303.JPG -96.36148614 29.61702348 42.37038326 0.73047526 -2.62181302 -150.55677596
DJI_0304.JPG -96.36147127 29.61700930 42.34514264 0.24907089 -2.74634096 -150.74199464
DJI_0305.JPG -96.36145860 29.61699573 42.33921632 0.44973046 -3.05063099 -149.84485256
DJI_0306.JPG -96.36144496 29.61698390 42.44245344 0.04536499 -2.94308988 -150.79996629
DJI_0307.JPG -96.36143114 29.61697036 42.61865890 0.47354162 -2.53975234 -150.40344039
DJI_0308.JPG -96.36141750 29.61695722 42.59131681 0.78162933 -2.08376554 -150.14651232
DJI_0309.JPG -96.36140493 29.61694286 42.74616483 -0.19416938 -2.91122208 -150.40030366
DJI_0310.JPG -96.36139178 29.61693135 42.83045410 0.45248716 -3.35823417 -144.34644887
DJI_0311.JPG -96.36137842 29.61691869 42.96797349 0.19670976 -2.37775846 -148.47162820
DJI_0312.JPG -96.36136480 29.61690549 43.05256585 0.00244766 -2.46870446 -150.50252690
DJI_0313.JPG -96.36135136 29.61689313 42.87887864 0.24127767 -2.40338513 -150.21983911
DJI_0314.JPG -96.36133652 29.61688039 42.77686237 0.38082478 -2.14656328 -150.73502842
DJI_0315.JPG -96.36132250 29.61686865 42.70554773 0.38869878 -1.55520907 -150.76204267
DJI_0316.JPG -96.36130858 29.61685459 42.82318082 -0.07643325 -2.01892933 -150.73862047
DJI_0317.JPG -96.36129544 29.61684148 42.95101428 -0.25945319 -2.10256322 -150.13903471
DJI_0318.JPG -96.36128231 29.61682757 42.95480098 -0.26771967 -2.43669990 -149.89229754
DJI_0319.JPG -96.36126889 29.61681481 43.00463027 -0.39557670 -2.38219589 -148.39551249
DJI_0320.JPG -96.36125489 29.61680234 42.90189043 0.17631773 -2.53333400 -147.79535815
DJI_0321.JPG -96.36124003 29.61678889 42.82581617 -0.18151757 -2.45371533 -145.74798310
DJI_0322.JPG -96.36122818 29.61677670 42.67190334 -0.36281823 -2.26234307 -149.15112802
DJI_0323.JPG -96.36121047 29.61675708 42.26127046 0.66547993 -2.37985722 -146.65386509
DJI_0324.JPG -96.36119749 29.61674704 42.04040975 -0.25010599 -1.95273581 -146.20549992
DJI_0325.JPG -96.36115754 29.61670514 41.68327457 0.39339862 -2.37069552 -148.19849982
DJI_0326.JPG -96.36114370 29.61669177 41.63775378 0.41615974 -2.56855356 -148.51473059
DJI_0327.JPG -96.36110397 29.61665362 42.06586908 -0.82779249 -2.54886436 -149.04768463
DJI_0328.JPG -96.36111000 29.61662413 42.01161169 -0.65291471 -4.26516564 57.63306137
DJI_0329.JPG -96.36112161 29.61663471 42.06976964 -1.26452288 -1.56695384 58.82225686
DJI_0330.JPG -96.36115006 29.61666125 41.64636937 -2.29114578 1.27537970 59.48145050
DJI_0331.JPG -96.36116500 29.61667430 41.68865389 -2.68513914 2.10087762 59.09167241
DJI_0332.JPG -96.36117738 29.61668758 41.87197593 -3.17124933 2.81799830 58.67906160
DJI_0333.JPG -96.36119054 29.61670134 41.91768983 -3.20965121 2.95720503 59.27005502
DJI_0334.JPG -96.36120395 29.61671591 41.74850688 -3.81084530 3.41446907 58.54358260
DJI_0335.JPG -96.36121751 29.61672859 41.86814946 -3.43509600 3.31308722 59.55781548
DJI_0336.JPG -96.36123067 29.61674128 41.97210027 -3.46948368 3.58484574 59.53060841
DJI_0337.JPG -96.36124512 29.61675328 41.90764374 -3.61950718 3.45872858 61.02738278
DJI_0338.JPG -96.36125845 29.61676584 41.61608823 -3.61529413 3.69941565 59.83284012
DJI_0339.JPG -96.36127370 29.61677857 41.42944588 -3.60095860 3.49385148 59.37803640
DJI_0340.JPG -96.36128812 29.61679184 41.38260296 -3.42886759 3.26457164 59.90990139
DJI_0341.JPG -96.36129981 29.61680451 41.42944455 -3.11751010 3.21343223 58.15940960
DJI_0342.JPG -96.36131301 29.61681907 41.36836600 -3.17332664 3.15160064 59.63507596
DJI_0343.JPG -96.36133767 29.61684630 41.50444392 -3.33673293 2.94406561 62.57714391
DJI_0344.JPG -96.36134906 29.61685857 41.40640836 -3.08755722 2.83070913 61.83343560
DJI_0345.JPG -96.36136337 29.61687177 41.50939672 -3.08462171 3.23442580 59.78286535
DJI_0346.JPG -96.36137704 29.61688449 41.48292305 -3.28865674 3.27110629 60.10887274
DJI_0347.JPG -96.36139105 29.61689671 41.30440872 -2.90133229 2.89199053 60.59186913
DJI_0348.JPG -96.36140537 29.61690876 41.36407452 -2.71827183 2.79606934 59.38177067
DJI_0349.JPG -96.36141912 29.61692221 41.37949966 -2.82596532 2.73733405 60.36680526
DJI_0350.JPG -96.36143286 29.61693599 41.32088796 -2.80281861 2.59734407 59.92089019
DJI_0351.JPG -96.36144676 29.61694976 41.25616281 -2.64922792 2.90072830 60.37540824
DJI_0352.JPG -96.36146054 29.61696268 41.27809286 -2.62010250 2.75769768 60.58979736
DJI_0353.JPG -96.36147384 29.61697517 41.37665244 -2.77431200 2.61170134 57.44293505
DJI_0354.JPG -96.36148795 29.61698778 41.50824673 -2.35099737 2.89437816 46.29121146
DJI_0355.JPG -96.36150081 29.61699999 41.66685219 -1.64519963 3.25516331 39.76622416
DJI_0356.JPG -96.36151389 29.61701233 41.66203500 -2.08699630 2.77667455 49.37891281
DJI_0357.JPG -96.36152763 29.61702415 41.40513269 -2.21390322 2.69799955 51.45149448
DJI_0358.JPG -96.36154091 29.61703708 41.40133779 -2.29966323 2.57255481 54.38685236
DJI_0359.JPG -96.36155420 29.61705045 41.37414084 -2.14025680 2.72319185 57.67236948
DJI_0360.JPG -96.36156671 29.61706399 41.42344917 -2.12340374 2.65474098 55.09363034
DJI_0361.JPG -96.36157955 29.61707830 41.36259460 -1.96317771 2.59169223 57.65723736
DJI_0362.JPG -96.36159377 29.61709114 41.30509487 -2.09802918 2.43653147 56.40608163
DJI_0363.JPG -96.36160684 29.61710384 41.42533434 -1.92075672 2.31271684 56.17939702
DJI_0364.JPG -96.36162014 29.61711728 41.36975289 -1.78084524 2.64203558 54.93062670
DJI_0365.JPG -96.36163396 29.61712935 41.23443758 -2.05817488 2.69916077 55.97906126
DJI_0366.JPG -96.36164761 29.61714239 41.16153281 -2.17293276 2.21393230 61.46169829
DJI_0367.JPG -96.36166020 29.61715425 41.10157618 -2.26708068 2.47457371 61.03983061
DJI_0368.JPG -96.36168925 29.61717749 40.62064849 -1.94462332 2.74392122 60.84037610
DJI_0369.JPG -96.36170339 29.61718889 40.56692615 -2.24333936 2.30696430 54.75864576
DJI_0370.JPG -96.36171859 29.61720184 40.41633757 -2.32972060 2.28538588 50.24120690
DJI_0371.JPG -96.36173169 29.61721388 40.45650367 -2.28625207 2.29124248 56.27966669
DJI_0372.JPG -96.36174602 29.61722701 40.44134915 -2.24934518 2.05788157 57.73934439
DJI_0373.JPG -96.36176016 29.61723951 40.38493379 -1.96502840 1.79547792 55.34539330
DJI_0374.JPG -96.36177320 29.61725296 40.72331117 -1.94887809 2.05952024 56.93529783
DJI_0375.JPG -96.36178639 29.61726600 40.80385397 -1.96453021 1.07212660 61.00658425
DJI_0376.JPG -96.36180733 29.61724990 40.80400328 -2.75662061 2.52065648 -143.87818319
DJI_0377.JPG -96.36179482 29.61723889 40.70336838 -0.76950904 1.32744621 -145.92295419
DJI_0378.JPG -96.36178108 29.61722480 40.59735356 -0.40744791 0.20232215 -146.83530238
DJI_0379.JPG -96.36176858 29.61721230 40.63381657 -0.06142095 -0.72731088 -147.15294581
DJI_0380.JPG -96.36175485 29.61719995 40.62560744 0.21426929 -1.09693235 -147.36129247
DJI_0381.JPG -96.36174238 29.61718488 40.86432908 0.18859115 -2.96031827 -139.86975096
DJI_0382.JPG -96.36172851 29.61717389 41.06181580 -0.19474219 -2.76755367 -146.60399564
DJI_0383.JPG -96.36171437 29.61716112 41.31081093 -0.23611301 -3.34471745 -146.73807991
DJI_0384.JPG -96.36169975 29.61714744 41.55407385 0.47050537 -3.56643821 -142.04519252
DJI_0385.JPG -96.36168683 29.61713621 41.58849483 -0.08792722 -3.15444057 -147.02490556
DJI_0386.JPG -96.36167400 29.61712450 41.46206969 0.20356895 -3.40441849 -145.51491753
DJI_0387.JPG -96.36165946 29.61711204 41.34285519 0.75477769 -3.27909397 -148.33036811
DJI_0388.JPG -96.36164613 29.61709939 41.07311632 0.71449592 -2.90178996 -149.29744454
DJI_0389.JPG -96.36163324 29.61708639 41.03511987 0.36035024 -2.96215026 -149.78485540
DJI_0390.JPG -96.36162014 29.61707477 40.93267337 0.70876999 -3.20134992 -149.77957359
DJI_0391.JPG -96.36160596 29.61706046 40.92150809 0.82095901 -3.71298586 -149.62180495
DJI_0392.JPG -96.36159353 29.61704682 40.72370968 0.20779426 -2.78441352 -149.90225928
DJI_0393.JPG -96.36158093 29.61703396 40.78762533 0.24664961 -2.54820469 -149.64434648
DJI_0394.JPG -96.36156679 29.61701989 40.77996027 0.15748569 -2.85054997 -149.93759322
DJI_0395.JPG -96.36155255 29.61700734 40.65750373 0.10545440 -2.90707691 -150.10048695
DJI_0396.JPG -96.36153949 29.61699445 40.76102297 -0.03951482 -2.58253944 -149.78205144
DJI_0397.JPG -96.36152546 29.61698136 40.88671387 -0.02625881 -2.64411474 -149.88556340
DJI_0398.JPG -96.36151108 29.61696870 40.68660830 -0.08466016 -2.25948583 -150.18857190
DJI_0399.JPG -96.36149792 29.61695671 40.66699965 0.44429466 -2.35111722 -150.48815194
DJI_0400.JPG -96.36148486 29.61694202 40.66723793 -0.03345734 -2.49769377 -150.97264040
DJI_0401.JPG -96.36146998 29.61692894 40.65110599 0.12165274 -2.73378165 -150.41203737
DJI_0402.JPG -96.36145637 29.61691586 40.93726400 0.16698427 -2.33146630 -150.56796979
DJI_0403.JPG -96.36144169 29.61690313 41.06374430 0.24046756 -2.63880185 -150.88464261
DJI_0404.JPG -96.36142942 29.61688937 40.93212353 -0.01015375 -2.82409033 -149.42329058
DJI_0405.JPG -96.36141497 29.61687638 41.07116968 0.11159088 -2.94110117 -147.26987534
DJI_0406.JPG -96.36140099 29.61686277 41.18520025 2.33118237 -3.48165525 -126.14762920
DJI_0407.JPG -96.36138648 29.61685093 41.10324604 1.45309311 -3.17531318 -135.38896426
DJI_0408.JPG -96.36137308 29.61683776 41.08987654 2.27921769 -3.34396901 -129.23566386
DJI_0409.JPG -96.36135901 29.61682622 41.01062837 1.14924061 -2.78543190 -140.94297415
DJI_0410.JPG -96.36134660 29.61681336 41.10429887 0.38989158 -2.50684387 -148.21264106
DJI_0411.JPG -96.36133360 29.61679907 41.01603953 0.44922947 -2.99615647 -145.80163590
DJI_0412.JPG -96.36132015 29.61678610 41.16196194 1.53477066 -3.10016460 -133.26497805
DJI_0413.JPG -96.36130669 29.61677322 41.10628026 1.41484326 -2.98159982 -135.52037007
DJI_0414.JPG -96.36129248 29.61675918 41.27568720 1.61605660 -2.81295571 -136.10517884
DJI_0415.JPG -96.36127881 29.61674785 41.36241451 1.28444741 -2.62629455 -136.89975179
DJI_0416.JPG -96.36126496 29.61673663 41.11519534 0.93537862 -2.56240499 -142.50038790
DJI_0417.JPG -96.36125064 29.61672396 41.03843243 0.36238669 -2.32886061 -149.54504341
DJI_0418.JPG -96.36123817 29.61671096 40.95456170 0.24444712 -2.41831405 -149.66392270
DJI_0419.JPG -96.36122522 29.61669804 41.24487620 0.38524452 -2.50354988 -149.78259330
DJI_0420.JPG -96.36121157 29.61668555 41.49691154 0.21810244 -2.48316252 -148.70512989
DJI_0421.JPG -96.36119868 29.61667241 41.76429421 0.13900147 -2.80063109 -149.40208051
DJI_0422.JPG -96.36118382 29.61666226 41.84332446 0.96482763 -2.30261366 -150.69370322
DJI_0423.JPG -96.36117240 29.61664965 41.75649054 0.47587317 -2.26376423 -150.89012136
DJI_0424.JPG -96.36115975 29.61663509 41.88899191 -0.14411578 -2.26540456 -149.65722060
DJI_0425.JPG -96.36114619 29.61662249 42.00732006 -0.24378646 -1.96594067 -150.53060759
DJI_0426.JPG -96.36115364 29.61659300 41.76843885 -0.38918022 -3.04440785 57.41264846
DJI_0427.JPG -96.36116610 29.61660539 41.70255160 -1.16295550 -0.97204509 55.97134565
DJI_0428.JPG -96.36118004 29.61661964 41.53307593 -1.30832775 0.49654735 58.48348932
DJI_0429.JPG -96.36119268 29.61663179 41.28412045 -2.69727680 1.76338204 58.54000208
DJI_0430.JPG -96.36120911 29.61664373 41.23892196 -2.96813613 1.94401939 58.21360217
DJI_0431.JPG -96.36122315 29.61665697 41.28151448 -2.47267190 1.86768964 57.60262487
DJI_0432.JPG -96.36123570 29.61666975 41.43320813 -3.16336114 2.58038080 57.90253391
DJI_0433.JPG -96.36124987 29.61668256 41.52833462 -2.80223169 2.69160885 57.48031989
DJI_0434.JPG -96.36126427 29.61669524 41.39779745 -2.69671650 2.63969558 56.79737368
DJI_0435.JPG -96.36127775 29.61670894 41.19613988 -3.04109003 2.74084091 58.50994223
DJI_0436.JPG -96.36129246 29.61672158 41.19254874 -2.93017786 3.01602744 57.05430174
DJI_0437.JPG -96.36130506 29.61673523 41.11144107 -2.82631894 2.96831167 59.57070632
DJI_0438.JPG -96.36131809 29.61674773 40.95813550 -3.26756193 3.28069888 60.79756193
DJI_0439.JPG -96.36133215 29.61675998 40.99796275 -3.29149424 3.06481170 57.02797612
DJI_0440.JPG -96.36134565 29.61677304 41.17852801 -3.02214644 3.00201447 57.63380636
DJI_0441.JPG -96.36135918 29.61678636 40.97543115 -2.93420569 2.90054358 57.47047295
DJI_0442.JPG -96.36138435 29.61681379 40.99143557 -3.23093552 2.75834106 60.02516285
DJI_0443.JPG -96.36139759 29.61682762 40.76348578 -2.83272470 2.74348260 60.61759546
DJI_0444.JPG -96.36141206 29.61683933 40.91271583 -2.99856494 2.72803587 58.95702207
DJI_0445.JPG -96.36142579 29.61685282 40.82307574 -2.60540035 2.68421067 60.08567217
DJI_0446.JPG -96.36143848 29.61686563 40.90788048 -2.91944733 2.95660256 60.75334418
DJI_0447.JPG -96.36145255 29.61687782 41.00356388 -2.72459121 3.04768638 55.78819522
DJI_0448.JPG -96.36146680 29.61689039 40.97152565 -2.77275631 2.70026275 59.82172960
DJI_0449.JPG -96.36148011 29.61690368 41.00667681 -2.86548391 2.65273232 60.44760028
DJI_0450.JPG -96.36149378 29.61691570 41.00647210 -2.86467280 2.37794732 58.73932605
DJI_0451.JPG -96.36150760 29.61692893 40.95782049 -2.65598794 2.50840475 56.06277647
DJI_0452.JPG -96.36152104 29.61694090 40.92623934 -2.56698222 2.50634633 55.55083446
DJI_0453.JPG -96.36153512 29.61695464 40.88065235 -2.60983928 2.36495810 54.42952261
DJI_0454.JPG -96.36154798 29.61696685 40.99693506 -2.57489021 2.03898387 55.43193092
DJI_0455.JPG -96.36156230 29.61697938 41.06669379 -2.36691912 1.97058121 55.10181639
DJI_0456.JPG -96.36158888 29.61700517 41.32460077 -2.25813565 2.26974827 52.29335721
DJI_0457.JPG -96.36160362 29.61701750 41.36425537 -2.27076878 2.27028563 55.68118110
DJI_0458.JPG -96.36161686 29.61703084 41.23362239 -2.43597483 2.19184583 57.33845951
DJI_0459.JPG -96.36163113 29.61704376 41.17807717 -2.37276151 2.12543145 55.49376465
DJI_0460.JPG -96.36164550 29.61705620 41.06426023 -2.24773110 2.20734811 53.71831170
DJI_0461.JPG -96.36165882 29.61706929 41.03718420 -1.54957332 2.72229426 39.80393396
DJI_0462.JPG -96.36167215 29.61708221 41.18193510 -1.40900754 2.66271858 37.39282381
DJI_0463.JPG -96.36168555 29.61709534 41.01515973 -1.00100518 2.51174289 36.84498098
DJI_0464.JPG -96.36169872 29.61710794 41.14211364 -0.76542822 2.56441434 38.48790886
DJI_0465.JPG -96.36171204 29.61712116 41.21743593 -0.99938090 2.77250507 38.04338703
DJI_0466.JPG -96.36172577 29.61713414 41.21712129 -0.86487279 2.74730428 38.62157262
DJI_0467.JPG -96.36173895 29.61714735 41.16370514 -0.36841232 2.69802109 39.33048618
DJI_0468.JPG -96.36175264 29.61716021 41.01899008 -0.32032920 2.82105951 38.98958479
DJI_0469.JPG -96.36176610 29.61717327 40.92508933 -0.72283771 2.99722767 38.59271915
DJI_0470.JPG -96.36177871 29.61718602 40.87219365 -0.66198681 2.93069722 40.89406756
DJI_0471.JPG -96.36179190 29.61719845 41.01504823 -0.95521588 2.87082312 41.22138861
DJI_0472.JPG -96.36180487 29.61721121 40.94904056 -1.79851115 2.35164660 47.91241827
DJI_0473.JPG -96.36181801 29.61722431 40.93352878 -1.85244569 2.27775130 52.94039166
DJI_0474.JPG -96.36183196 29.61723760 40.88226431 -1.84308830 2.08119833 55.33744620
DJI_0475.JPG -96.36185424 29.61722256 40.99921514 -2.45832897 3.42654811 -143.58865683
DJI_0476.JPG -96.36184180 29.61721007 40.83114344 -0.39382861 1.54343038 -145.85942173
DJI_0477.JPG -96.36182937 29.61719622 40.85428884 -0.40800699 0.12423685 -146.02259676
DJI_0478.JPG -96.36181567 29.61718207 40.88395665 -0.08678820 -0.89135796 -145.51318759
DJI_0479.JPG -96.36180254 29.61717005 41.04357823 -0.20155613 -1.60860950 -146.62023177
DJI_0480.JPG -96.36178830 29.61715781 41.02071924 0.44381637 -2.14295495 -140.72012199
DJI_0481.JPG -96.36177665 29.61714454 40.99655256 0.17333401 -2.67358846 -143.50397735
DJI_0482.JPG -96.36176439 29.61713137 40.96742697 1.27368119 -3.58893427 -133.01186679
DJI_0483.JPG -96.36174791 29.61712112 40.90881593 0.89402641 -2.32957907 -146.47286272
DJI_0484.JPG -96.36173489 29.61710702 40.64811681 0.47297874 -2.53167517 -148.24144541
DJI_0485.JPG -96.36172281 29.61709381 40.64056433 -0.10363670 -2.46756913 -148.68210328
DJI_0486.JPG -96.36170877 29.61708044 40.58069468 -0.06405252 -2.80274106 -149.43841720
DJI_0487.JPG -96.36168021 29.61705539 40.18794124 0.81236741 -2.56469398 -150.10283838
DJI_0488.JPG -96.36166875 29.61704114 40.49405055 -0.40180174 -2.52026444 -149.80016333
DJI_0489.JPG -96.36165399 29.61702726 40.71174602 0.14655206 -2.61370961 -149.51587439
DJI_0490.JPG -96.36164136 29.61701407 40.82981150 -0.16049669 -2.50717562 -149.88055685
DJI_0491.JPG -96.36162776 29.61700158 40.94789075 0.03962417 -2.34356432 -150.28184573
DJI_0492.JPG -96.36161373 29.61698903 41.02157646 0.21934596 -2.68705823 -150.37531969
DJI_0493.JPG -96.36159968 29.61697588 41.05644730 -0.01225688 -2.53565148 -150.23997596
DJI_0494.JPG -96.36158638 29.61696248 40.96995123 0.06047436 -2.58437533 -149.63981430
DJI_0495.JPG -96.36157286 29.61694966 40.78978967 -0.09885571 -2.01827434 -149.80348932
DJI_0496.JPG -96.36155860 29.61693713 40.67890209 0.42080743 -1.97674875 -150.33256162
DJI_0497.JPG -96.36154705 29.61692292 40.71659489 0.26130202 -3.03038016 -149.35765290
DJI_0498.JPG -96.36153335 29.61691108 40.84731354 0.07211758 -1.94442314 -150.24677772
DJI_0499.JPG -96.36151951 29.61689901 40.99923864 -0.02333325 -1.82625495 -150.14804826
DJI_0500.JPG -96.36150642 29.61688635 40.90027914 -0.06122416 -1.74184886 -149.95386563
DJI_0501.JPG -96.36149319 29.61687286 40.96786129 0.13800359 -1.93307420 -149.74771722
DJI_0502.JPG -96.36148040 29.61685916 41.01826185 -0.12051226 -1.83546241 -149.79585141
DJI_0503.JPG -96.36146638 29.61684588 41.12299066 -0.19265832 -2.09205815 -150.38576833
DJI_0504.JPG -96.36145114 29.61683382 41.18278756 0.16559950 -1.49756334 -150.26286575
DJI_0505.JPG -96.36143723 29.61682140 41.14446875 0.54558636 -1.34451838 -150.84024121
DJI_0506.JPG -96.36142334 29.61680772 41.31170020 0.09666517 -1.75996883 -150.45066476
DJI_0507.JPG -96.36140910 29.61679511 41.27889889 0.30052396 -1.75762341 -150.77420961
DJI_0508.JPG -96.36139582 29.61678268 41.28400835 0.21805854 -1.80547459 -150.62171176
DJI_0509.JPG -96.36138155 29.61676997 41.31344584 -0.18037699 -1.80983414 -150.90195039
DJI_0510.JPG -96.36135444 29.61674352 40.93679757 -0.14546164 -2.25313112 -150.59032457
DJI_0511.JPG -96.36132632 29.61671532 40.96192631 0.13715445 -2.36317377 -150.66199996
DJI_0512.JPG -96.36131302 29.61670217 41.00164403 -0.07005185 -2.12919105 -150.79938815
DJI_0513.JPG -96.36129975 29.61668749 41.07027305 -0.14104147 -2.18649378 -150.64932412
DJI_0514.JPG -96.36128605 29.61667432 41.25019048 0.55067479 -2.76975690 -150.42341739
DJI_0515.JPG -96.36127243 29.61666189 41.36066494 0.72767192 -2.61547486 -150.69071877
DJI_0516.JPG -96.36125904 29.61664854 41.45209962 0.01332240 -2.72628667 -150.89908617
DJI_0517.JPG -96.36124603 29.61663431 41.36696079 0.18301342 -2.77005348 -150.65595866
DJI_0518.JPG -96.36123217 29.61662076 41.48111620 -0.23599845 -2.80981612 -150.48683946
DJI_0519.JPG -96.36121682 29.61660738 41.59346628 -0.25036468 -2.19061762 -150.81927346
DJI_0520.JPG -96.36120363 29.61659381 41.67650814 -0.23424114 -2.25010659 -150.79258099
DJI_0521.JPG -96.36117767 29.61656860 41.82707149 -0.01211770 -2.75060240 -150.86629592
DJI_0522.JPG -96.36119804 29.61655146 41.57044519 -1.01981493 -2.79389969 51.31263226
DJI_0523.JPG -96.36121072 29.61656110 41.42676297 -1.46386135 -0.39396337 47.21542455
DJI_0524.JPG -96.36122428 29.61657422 41.20311995 -1.76609136 0.94421480 46.24979878
DJI_0525.JPG -96.36123720 29.61658720 41.09555923 -1.89089717 1.75135085 46.01274496
DJI_0526.JPG -96.36125078 29.61659934 40.98215489 -1.69693071 1.98134768 46.00090502
DJI_0527.JPG -96.36126346 29.61661291 40.97415260 -1.99574575 2.29552655 50.21334354
DJI_0528.JPG -96.36127569 29.61662640 41.04244255 -2.20259116 2.69587646 53.54750168
DJI_0529.JPG -96.36128962 29.61663900 41.14909672 -2.14962205 2.87160722 51.97471721
DJI_0530.JPG -96.36130405 29.61665196 41.18263171 -2.11927634 2.96880878 47.75253551
DJI_0531.JPG -96.36131698 29.61666575 41.02993204 -2.37691960 3.11990619 51.77333279
DJI_0532.JPG -96.36132986 29.61667993 41.01114615 -2.99445072 3.17685585 57.70988761
DJI_0533.JPG -96.36134370 29.61669241 40.91511662 -2.87451739 3.17126412 57.66608347
DJI_0534.JPG -96.36135776 29.61670605 40.85905700 -2.98079508 2.95688696 58.65366707
DJI_0535.JPG -96.36138678 29.61673052 40.62104023 -3.20362622 2.85940642 53.81932227
DJI_0536.JPG -96.36139923 29.61674273 40.55814087 -3.37975809 2.88747647 55.65787510
DJI_0537.JPG -96.36141091 29.61675575 40.67263018 -3.27705944 3.10739329 59.48670979
DJI_0538.JPG -96.36142488 29.61676829 40.62805472 -3.06882110 2.94836957 60.72266036
DJI_0539.JPG -96.36143711 29.61678091 40.73095474 -3.42973604 2.54597655 61.09586814
DJI_0540.JPG -96.36145059 29.61679484 40.69974675 -3.07563106 2.51220691 59.73520350
DJI_0541.JPG -96.36146626 29.61680762 40.42717150 -3.04096562 2.12251535 61.60765540
DJI_0542.JPG -96.36149220 29.61683203 40.47418744 -2.75413442 2.55267932 59.94833975
DJI_0543.JPG -96.36150502 29.61684479 40.48067669 -2.97554027 2.33204911 60.53876194
DJI_0544.JPG -96.36151992 29.61685782 40.43618642 -2.69107224 2.19450780 61.56387328
DJI_0545.JPG -96.36153273 29.61687082 40.50576804 -2.91939724 2.31861891 60.39945512
DJI_0546.JPG -96.36154455 29.61688429 40.40355015 -3.13305471 2.06322307 61.47191026
DJI_0547.JPG -96.36155907 29.61689689 40.34088449 -3.07094839 1.96817577 61.94374644
DJI_0548.JPG -96.36157194 29.61691083 40.34889023 -2.99418355 2.13282576 62.79504636
DJI_0549.JPG -96.36158659 29.61692333 40.29312219 -2.85794338 2.20634861 63.23488812
DJI_0550.JPG -96.36159958 29.61693743 40.35683829 -3.19458581 2.13449562 62.10140980
DJI_0551.JPG -96.36161362 29.61694883 40.42198042 -2.89011333 2.38645587 59.69258630
DJI_0552.JPG -96.36162582 29.61696298 40.48485786 -2.92091259 2.08675509 61.69609024
DJI_0553.JPG -96.36163879 29.61697592 40.39894413 -2.76257720 1.80954079 62.80885219
DJI_0554.JPG -96.36165239 29.61698961 40.09736097 -2.68395759 2.33506425 62.17595904
DJI_0555.JPG -96.36166613 29.61700090 40.13929470 -2.56740756 2.07082882 62.22463971
DJI_0556.JPG -96.36167882 29.61701261 40.31149954 -2.61482463 2.24365864 62.32646407
DJI_0557.JPG -96.36169282 29.61702531 40.25086993 -2.54934184 2.01677938 62.75929604
DJI_0558.JPG -96.36170673 29.61703805 40.23793390 -2.57909638 1.78612593 63.06929563
DJI_0559.JPG -96.36172092 29.61705125 40.09409175 -2.13440670 1.79286173 61.76819209
DJI_0560.JPG -96.36173464 29.61706354 40.08007078 -2.53983932 1.67576319 62.49764673
DJI_0561.JPG -96.36174924 29.61707630 40.14498564 -2.81364293 1.58157535 61.74103408
DJI_0562.JPG -96.36176143 29.61708928 40.30525130 -2.75738153 1.59070338 61.81616849
DJI_0563.JPG -96.36177473 29.61710115 40.41988390 -1.59217397 2.60074510 62.02858759
DJI_0564.JPG -96.36178758 29.61711411 40.55495780 -2.08323265 2.35426385 61.69469402
DJI_0565.JPG -96.36180105 29.61712882 40.59078388 -2.61471595 2.02359075 62.06351480
DJI_0566.JPG -96.36181540 29.61714183 40.60631993 -2.59956904 1.62139158 62.42853937
DJI_0567.JPG -96.36182914 29.61715465 40.54253849 -2.67667723 1.63774354 61.88250399
DJI_0568.JPG -96.36184251 29.61716844 40.63828342 -2.43750777 1.44412387 61.36454127
DJI_0569.JPG -96.36185650 29.61718199 40.71401994 -2.26283859 1.73432250 60.03748607
DJI_0570.JPG -96.36186943 29.61719455 40.65566330 -2.11437844 1.44156108 60.15479930
DJI_0571.JPG -96.36189130 29.61717915 40.44727408 -3.48524416 3.40751759 -143.53545989
DJI_0572.JPG -96.36188168 29.61716729 40.48461359 0.32824813 -0.08977031 -119.97881764
DJI_0573.JPG -96.36186765 29.61715388 40.65679998 0.48392670 -0.79215570 -130.53357878
DJI_0574.JPG -96.36185445 29.61714094 40.76055515 0.23585276 -1.10107495 -140.62224243
DJI_0575.JPG -96.36184036 29.61712862 40.66526461 -0.10629133 -1.38888225 -146.47010304
DJI_0576.JPG -96.36182736 29.61711591 40.56970683 -0.32500079 -2.08324083 -145.87679708
DJI_0577.JPG -96.36181446 29.61710228 40.64016768 -0.10067504 -2.75094353 -142.46961563
DJI_0578.JPG -96.36180129 29.61709036 40.73993833 0.01283193 -2.36862382 -145.65117743
DJI_0579.JPG -96.36178848 29.61707809 40.68657690 -0.02676823 -3.18663566 -144.35164803
DJI_0580.JPG -96.36177499 29.61706476 40.59398137 0.23098600 -3.08275603 -144.39808588
DJI_0581.JPG -96.36176314 29.61705028 40.66590338 1.75390147 -3.66465240 -131.13610071
DJI_0582.JPG -96.36174956 29.61703934 40.56850609 0.46419736 -3.18461574 -145.16636052
DJI_0583.JPG -96.36173567 29.61702584 40.53077418 0.19885554 -3.25032920 -147.12575383
DJI_0584.JPG -96.36172295 29.61701239 40.44585249 0.57163810 -2.85370801 -144.96647669
DJI_0585.JPG -96.36170991 29.61699989 40.33244339 1.95534494 -3.47516104 -135.40477052
DJI_0586.JPG -96.36169648 29.61698783 40.28174260 0.47282225 -2.76244361 -149.42377660
DJI_0587.JPG -96.36168306 29.61697391 40.18160002 0.52160018 -3.17179188 -147.95442937
DJI_0588.JPG -96.36166909 29.61696011 40.22769481 -0.05797507 -2.36874757 -149.98789570
DJI_0589.JPG -96.36165553 29.61694656 39.99043909 0.07430508 -2.57696196 -149.31692598
DJI_0590.JPG -96.36164142 29.61693428 39.90490259 0.44359159 -2.25294925 -149.73148419
DJI_0591.JPG -96.36162845 29.61691940 39.78304618 0.06824464 -2.74123674 -148.98156981
DJI_0592.JPG -96.36161732 29.61690380 39.88731880 1.83676147 -3.96352860 -129.23753317
DJI_0593.JPG -96.36160275 29.61689273 39.88832261 1.35191808 -3.65274637 -133.63091307
DJI_0594.JPG -96.36158868 29.61687834 39.93335624 1.78424936 -3.40084778 -133.30164033
DJI_0595.JPG -96.36157506 29.61686517 40.04615383 1.89613741 -3.32837070 -132.84183064
DJI_0596.JPG -96.36156093 29.61685211 40.14392299 1.95222945 -3.31983040 -132.34997398
DJI_0597.JPG -96.36154608 29.61683945 40.19284736 2.08245962 -2.87095717 -132.44599070
DJI_0598.JPG -96.36153272 29.61682705 40.15541015 2.11932595 -2.78909828 -132.13718280
DJI_0599.JPG -96.36151926 29.61681431 40.22827007 2.43932955 -2.66494941 -130.87637197
DJI_0600.JPG -96.36150567 29.61680135 40.12742528 2.30676040 -2.83392311 -130.86587447
DJI_0601.JPG -96.36149305 29.61678924 40.07306583 2.23627648 -3.03798850 -131.17050019
DJI_0602.JPG -96.36147933 29.61677653 40.15386889 2.12304246 -2.77629436 -132.25884326
DJI_0603.JPG -96.36146566 29.61676406 39.99324593 2.20886104 -2.74777229 -131.19567977
DJI_0604.JPG -96.36145143 29.61675163 39.93968657 2.13551287 -2.75757472 -132.20823513
DJI_0605.JPG -96.36143752 29.61673965 39.86307372 1.59256408 -2.47209772 -137.60650284
DJI_0606.JPG -96.36142490 29.61672650 39.87712869 2.64352705 -2.89932492 -125.76762119
DJI_0607.JPG -96.36141054 29.61671410 39.74405397 2.71513617 -2.90862456 -124.56965346
DJI_0608.JPG -96.36139684 29.61670210 39.77339226 2.58337533 -2.78345715 -125.84257516
DJI_0609.JPG -96.36136546 29.61667299 39.88315603 3.06576683 0.00902722 -140.99332193
DJI_0610.JPG -96.36135186 29.61665948 39.92438363 3.57966873 -0.14726968 -135.82517958
DJI_0611.JPG -96.36133844 29.61664652 40.00340622 2.91528256 -0.18731065 -139.15847461
DJI_0612.JPG -96.36132388 29.61663095 39.96356255 4.31459517 -0.31424629 -125.40028341
DJI_0613.JPG -96.36131083 29.61661876 39.73019791 3.66950901 -0.40878772 -130.54915450
DJI_0614.JPG -96.36129616 29.61660494 39.75549209 3.54576764 -0.20325798 -132.84213109
DJI_0615.JPG -96.36128343 29.61659177 39.63821546 3.45692066 -0.51639719 -130.23748021
DJI_0616.JPG -96.36127719 29.61658322 39.61946124 0.29752902 -5.59959899 -125.96668719
DJI_0617.JPG -96.36126142 29.61657002 39.63920015 -0.72268424 -3.13638583 -150.61635017
DJI_0618.JPG -96.36124977 29.61655696 39.62265048 1.73582673 -3.89298367 -125.34411870
DJI_0619.JPG -96.36123681 29.61654417 39.49042524 1.67940851 -3.77153804 -125.63651753
DJI_0620.JPG -96.36122403 29.61653187 39.68276006 1.41779023 -3.38776786 -126.52896288
DJI_0621.JPG -96.36124379 29.61651498 39.59676531 -1.75030424 -3.34931549 48.50596443
DJI_0622.JPG -96.36125647 29.61652582 39.48166242 -1.23248155 -0.68677373 31.64488260
DJI_0623.JPG -96.36126978 29.61653933 39.57104712 -1.54552886 0.58934906 31.71619277
DJI_0624.JPG -96.36128299 29.61655288 39.64686737 -1.70744238 1.24114035 32.47933898
DJI_0625.JPG -96.36130654 29.61657600 39.26295383 0.38170592 5.68922925 34.02621486
DJI_0626.JPG -96.36131900 29.61658906 39.36854782 0.71127675 6.39866203 34.44967935
DJI_0627.JPG -96.36133252 29.61660135 39.47688771 0.52251302 6.63557115 34.66148890
DJI_0628.JPG -96.36135086 29.61661685 39.72518362 -1.20146268 3.59449647 34.49472308
DJI_0629.JPG -96.36136401 29.61662828 39.76790223 -1.41488948 3.63972838 34.96157291
DJI_0630.JPG -96.36137759 29.61664082 39.81796898 -1.43364324 3.70340934 35.57120161
DJI_0631.JPG -96.36139028 29.61665326 39.79881511 -1.10206494 3.98343930 35.04093311
DJI_0632.JPG -96.36140380 29.61666623 39.78491062 -1.45133317 3.85619092 35.78916198
DJI_0633.JPG -96.36141608 29.61667891 39.84484802 0.99243554 5.53694426 35.60131655
DJI_0634.JPG -96.36142990 29.61669174 39.92662630 0.06234464 4.93741660 36.00448107
DJI_0635.JPG -96.36144285 29.61670497 39.96045235 0.96116132 5.33894680 36.51945532
DJI_0636.JPG -96.36145621 29.61671857 39.84123850 -0.05777900 5.25426496 36.00883069
DJI_0637.JPG -96.36146889 29.61673162 39.82927426 -0.31428530 4.92093770 36.66481182
DJI_0638.JPG -96.36148159 29.61674475 39.81067649 -0.89077973 4.43947948 37.09925664
DJI_0639.JPG -96.36149575 29.61675806 39.74252012 -1.20453149 4.34720389 37.36658493
DJI_0640.JPG -96.36150925 29.61677171 39.81584920 -1.33976833 4.11276370 40.39236047
DJI_0641.JPG -96.36152345 29.61678511 39.76745014 -2.46219368 3.36390626 45.40538044
DJI_0642.JPG -96.36153640 29.61679696 39.80677667 -2.50828412 3.12215023 46.42651159
DJI_0643.JPG -96.36154966 29.61681068 39.78399069 -3.04581982 2.71073462 57.64638166
DJI_0644.JPG -96.36156090 29.61682474 39.43032598 -4.51110265 3.62145534 62.07786657
DJI_0645.JPG -96.36157662 29.61683810 39.06676734 -3.89036931 2.10404509 63.45189064
DJI_0646.JPG -96.36159122 29.61684823 38.95163946 -2.83370009 2.54088234 62.28773773
DJI_0647.JPG -96.36160670 29.61686133 38.91442071 -2.95937815 1.64444890 64.02678450
DJI_0648.JPG -96.36162031 29.61687375 39.09245550 -3.37959789 1.75623329 59.88563162
DJI_0649.JPG -96.36163273 29.61688641 39.15751912 -3.09414421 1.30352255 61.39752331
DJI_0650.JPG -96.36164636 29.61689808 39.22846733 -2.93462247 1.43733351 61.40218725
DJI_0651.JPG -96.36166053 29.61690951 39.35799332 -3.53181989 3.42283391 36.53237017
DJI_0652.JPG -96.36167381 29.61692271 39.44777162 -3.12498530 1.64339850 56.33431171
DJI_0653.JPG -96.36168392 29.61693646 39.47730144 -3.01903240 1.00068611 63.89164552
DJI_0654.JPG -96.36169699 29.61695045 39.30293324 -2.26627356 1.17420293 62.33367001
DJI_0655.JPG -96.36171026 29.61696363 39.34031157 -2.62794208 1.29527261 62.95863843
DJI_0656.JPG -96.36173154 29.61698422 39.43435088 2.59079285 5.78598598 59.47832067
DJI_0661.JPG -96.36181275 29.61705378 40.53107443 -6.81832385 -3.37498036 58.79693720
DJI_0662.JPG -96.36182992 29.61706727 40.37701521 -7.08159738 -3.48623218 54.51292978
DJI_0663.JPG -96.36184316 29.61708103 40.30820742 -6.84445289 -3.29556155 56.17302351
DJI_0664.JPG -96.36185850 29.61709550 40.14589097 -7.05298026 -3.85941042 57.55687618
DJI_0665.JPG -96.36186994 29.61710867 40.08717857 -6.41088339 -2.33389486 54.89024408
DJI_0666.JPG -96.36188125 29.61712188 39.98106674 -6.03157295 -3.05423143 58.17793519
DJI_0667.JPG -96.36188163 29.61712058 43.00096193 -1.49245064 4.81886318 37.14817003
DJI_0668.JPG -96.36190605 29.61714363 42.55039571 -2.20571174 2.14227975 61.05109603
DJI_0669.JPG -96.36193138 29.61712901 42.58084786 -2.55386805 3.95917168 -145.18644069
DJI_0670.JPG -96.36192199 29.61711560 43.07212844 -0.54533244 1.68073554 -147.27628832
DJI_0671.JPG -96.36190945 29.61710392 43.07466951 -0.57691344 0.15243348 -148.65767193
DJI_0672.JPG -96.36189569 29.61709107 42.85096781 -0.01813109 -1.80115137 -138.64429543
DJI_0673.JPG -96.36186748 29.61706740 42.80712651 -0.15760574 -2.47955902 -149.00338693
DJI_0674.JPG -96.36185404 29.61705271 42.75252017 2.17371218 -3.47827821 -129.37658524
DJI_0675.JPG -96.36184074 29.61703976 42.84711308 1.97604515 -3.47586857 -134.04770975
DJI_0676.JPG -96.36182814 29.61702728 42.58359250 1.77058837 -4.48030435 -132.79814871
DJI_0677.JPG -96.36181442 29.61701463 42.61024363 1.59683288 -4.37475430 -135.51316011
DJI_0678.JPG -96.36180250 29.61700131 42.67446532 1.22609461 -4.25605983 -139.12975503
DJI_0679.JPG -96.36178929 29.61698983 42.64969922 1.54392934 -4.11086127 -137.69467509
DJI_0680.JPG -96.36177579 29.61697697 42.29750831 2.50023907 -4.46114540 -129.16368801
DJI_0681.JPG -96.36176320 29.61696659 42.04853950 2.13291992 -4.12423005 -133.71652716
DJI_0682.JPG -96.36174934 29.61695261 42.11353950 2.84996988 -4.33206578 -126.95155798
DJI_0683.JPG -96.36173742 29.61694191 42.00479225 2.93372879 -4.10721037 -128.10129572
DJI_0684.JPG -96.36172404 29.61693075 41.76952143 3.11076627 -3.86176238 -127.88080480
DJI_0685.JPG -96.36170970 29.61691750 41.66434071 2.82223700 -3.51020421 -130.78099809
DJI_0686.JPG -96.36169547 29.61690396 41.76535454 2.53052381 -3.50503657 -137.41578665
DJI_0687.JPG -96.36168219 29.61688997 41.64319496 2.31242054 -3.37270434 -138.39060948
DJI_0688.JPG -96.36166912 29.61687642 41.75439762 1.99491354 -3.30846136 -140.24167898
DJI_0689.JPG -96.36165503 29.61686244 41.67489503 0.89510737 -2.92122150 -149.31854188
DJI_0690.JPG -96.36164089 29.61684818 41.78987515 0.35522391 -3.04031863 -149.52176147
DJI_0691.JPG -96.36162655 29.61683330 41.65784548 0.19518332 -3.08732700 -149.12698402
DJI_0692.JPG -96.36161189 29.61681958 41.67452290 0.04387704 -3.07316590 -150.56854248
DJI_0693.JPG -96.36159737 29.61680523 41.61683335 0.15883717 -3.63406209 -150.03298628
DJI_0694.JPG -96.36158276 29.61679274 41.77448918 0.09239367 -3.31782529 -150.46576504
DJI_0695.JPG -96.36156962 29.61678107 41.95186245 0.29640967 -3.22951305 -150.59381215
DJI_0696.JPG -96.36155646 29.61676940 41.79444567 0.25272718 -3.15916857 -150.32219535
DJI_0697.JPG -96.36154399 29.61675661 41.57875865 -0.17509907 -3.03930720 -150.83701409
DJI_0698.JPG -96.36153202 29.61674605 41.41787188 -0.14269933 -2.82307063 -150.52588427
DJI_0699.JPG -96.36151889 29.61673274 41.52732362 -0.25756514 -2.82992041 -150.93163816
DJI_0700.JPG -96.36150398 29.61671775 41.48284768 0.39007739 -2.81012915 -150.52650094
DJI_0701.JPG -96.36149184 29.61670451 41.37689020 0.17807195 -2.76888374 -150.74651125
DJI_0702.JPG -96.36147917 29.61669218 41.25646670 -0.09219025 -2.53592325 -151.28562477
DJI_0703.JPG -96.36146645 29.61668067 41.18217797 -0.27735772 -2.57385899 -150.49790082
DJI_0704.JPG -96.36145254 29.61666769 41.37701346 -0.49220869 -2.75236868 -150.66125865
DJI_0705.JPG -96.36143916 29.61665496 41.46740292 -0.61193302 -2.63602207 -151.16726207
DJI_0706.JPG -96.36142519 29.61664109 41.52346581 -1.06686098 -2.71178128 -151.16824208
DJI_0707.JPG -96.36141255 29.61662984 41.57956484 -1.22429578 -2.85429001 -151.22172722
DJI_0708.JPG -96.36138555 29.61660537 41.45651048 -0.81567568 -2.52020984 -151.21230513
DJI_0709.JPG -96.36137131 29.61659299 41.42929128 -0.61716372 -2.32175252 -151.67167085
DJI_0710.JPG -96.36135814 29.61657996 41.23279457 -0.50503794 -2.29355993 -152.06989918
DJI_0711.JPG -96.36134388 29.61656461 41.28071813 -0.90960371 -2.58840552 -151.93769305
DJI_0712.JPG -96.36133052 29.61655151 41.21547546 -0.12117123 -2.58293011 -151.60592933
DJI_0713.JPG -96.36131994 29.61653965 41.10677219 -0.69390551 -2.32980007 -152.46691878
DJI_0714.JPG -96.36130558 29.61652646 41.11303182 -0.35015536 -2.73544729 -151.48979592
DJI_0715.JPG -96.36129241 29.61651277 41.29173810 -0.54789408 -2.36766875 -151.27571695
DJI_0716.JPG -96.36127832 29.61650046 41.21620117 -0.46173102 -2.34027890 -151.60121518
DJI_0717.JPG -96.36126418 29.61648813 41.25753137 -0.00641965 -2.94835246 -151.83633684
DJI_0718.JPG -96.36128560 29.61647326 41.14519816 -1.37675073 -3.23710552 47.86186278
DJI_0719.JPG -96.36129749 29.61648611 41.08537845 -1.29392130 -0.38341216 46.47385220
DJI_0720.JPG -96.36130803 29.61650013 41.24452129 -1.93827377 0.64649769 55.51643156
DJI_0721.JPG -96.36131854 29.61651242 40.76407408 -2.63345300 2.26481621 57.34896950
DJI_0722.JPG -96.36136010 29.61654985 40.58412009 -3.10206303 2.37299810 55.24428083
DJI_0723.JPG -96.36137305 29.61656149 40.63471058 -2.74925142 2.68293280 52.97868274
DJI_0724.JPG -96.36138565 29.61657552 40.48224362 -3.03521286 3.09668730 56.43998590
DJI_0725.JPG -96.36139964 29.61658777 40.49048971 -2.90764591 3.07917668 57.47775039
DJI_0726.JPG -96.36141419 29.61659967 40.67783289 -3.56987401 3.09706381 56.25915023
DJI_0727.JPG -96.36142703 29.61661435 40.46211175 -3.28577831 3.46552656 58.62119249
DJI_0728.JPG -96.36144037 29.61662707 40.40346864 -3.02670096 3.49388713 52.83770947
DJI_0729.JPG -96.36145359 29.61663943 40.63962984 -2.98277345 3.49260852 51.07486378
DJI_0730.JPG -96.36146564 29.61665216 40.80974880 -3.70273070 3.83327201 59.26102804
DJI_0731.JPG -96.36147909 29.61666563 40.73934421 -3.54698650 3.49621938 60.22130875
DJI_0732.JPG -96.36149164 29.61667927 40.57954253 -3.19460033 3.26953239 59.56256914
DJI_0733.JPG -96.36151833 29.61670004 40.24211095 -3.12955298 3.31779159 60.63083013
DJI_0734.JPG -96.36153268 29.61671210 40.29989323 -3.44806475 3.07855416 59.95864783
DJI_0735.JPG -96.36154753 29.61672491 40.29486470 -2.72715718 3.03398983 56.83190849
DJI_0736.JPG -96.36155997 29.61673870 40.21041625 -3.25660368 2.84310936 60.61988236
DJI_0737.JPG -96.36157537 29.61675071 40.27221249 -2.80359689 2.49051014 60.84278791
DJI_0738.JPG -96.36158859 29.61676383 40.16318312 -3.18701505 2.29645178 61.08247708
DJI_0739.JPG -96.36160390 29.61677803 40.03068923 -3.22448404 2.40784190 60.99311317
DJI_0740.JPG -96.36161701 29.61678912 39.90739759 -2.88815178 2.22651527 60.87047658
DJI_0741.JPG -96.36162983 29.61680069 40.07800847 -3.09397067 2.44156911 59.77158195
DJI_0742.JPG -96.36164160 29.61681553 40.21527373 -3.14740305 3.31384770 61.14250406
DJI_0743.JPG -96.36165564 29.61682877 40.11497787 -2.83674867 3.05049615 60.66501525
DJI_0744.JPG -96.36167030 29.61684139 40.30247815 -2.80903429 2.53209804 60.70002317
DJI_0745.JPG -96.36168106 29.61685527 40.17899101 -2.86889211 2.52742734 60.47630594
DJI_0746.JPG -96.36169592 29.61686831 40.05524636 -2.99005788 2.44114861 60.97317722
DJI_0747.JPG -96.36170907 29.61688110 39.96206924 -2.48570659 2.14594730 61.59262460
DJI_0748.JPG -96.36172158 29.61689336 39.78126471 -2.47624157 2.18307022 61.58819266
DJI_0749.JPG -96.36173558 29.61690408 39.98741733 -3.05117886 2.13824250 60.36795149
DJI_0750.JPG -96.36175031 29.61691746 40.11778915 -3.64802563 2.47322709 60.68823499
DJI_0751.JPG -96.36176342 29.61693272 40.15870554 -2.48569892 1.86684238 59.60451722
DJI_0752.JPG -96.36177570 29.61694406 40.16234797 -2.12137073 1.87550110 59.62954704
DJI_0753.JPG -96.36178947 29.61695768 40.07928212 -2.85406994 1.58735541 60.09141453
DJI_0754.JPG -96.36180148 29.61696975 40.11937876 -2.78271114 1.66270567 61.05217322
DJI_0755.JPG -96.36181580 29.61698362 40.27041857 -3.54071438 1.77463974 61.35787829
DJI_0756.JPG -96.36182961 29.61699697 40.16754899 -2.90489819 2.10479742 61.47582562
DJI_0757.JPG -96.36184482 29.61700842 40.21809530 -2.81554854 1.75557208 61.47805029
DJI_0758.JPG -96.36187085 29.61703536 40.73332809 -2.69052153 2.02054639 61.36491915
DJI_0759.JPG -96.36188485 29.61704815 40.85595537 -2.88279181 1.89588773 61.32796667
DJI_0760.JPG -96.36189966 29.61706143 40.94459854 -2.78621556 1.80292963 61.39889911
DJI_0761.JPG -96.36191235 29.61707366 40.97817204 -3.08048034 2.08074371 61.46203311
DJI_0762.JPG -96.36192720 29.61708639 41.06651108 -3.32360781 2.11861602 61.19653528
DJI_0763.JPG -96.36193997 29.61710074 40.95909254 -2.71900761 1.78018885 60.64676607
DJI_0764.JPG -96.36195412 29.61711352 41.04998079 -2.49394352 1.40607594 62.14074579
DJI_0765.JPG -96.36197751 29.61709860 41.02923924 -0.61601495 3.90799999 -134.28867211
DJI_0766.JPG -96.36196681 29.61708601 41.15252491 -0.55192771 1.86748209 -148.14042903
DJI_0767.JPG -96.36195236 29.61707428 41.16139428 -0.08448778 0.16434246 -147.99069105
DJI_0768.JPG -96.36194016 29.61706121 41.26781623 -0.27037201 -0.45753784 -148.51521900
DJI_0769.JPG -96.36192744 29.61704826 41.31136984 -0.16368645 -0.80469394 -148.57890299
DJI_0770.JPG -96.36191441 29.61703501 41.22091358 0.25698379 -1.47482152 -148.57964571
DJI_0771.JPG -96.36190212 29.61702230 41.18653874 0.35026515 -1.66998406 -149.08352354
DJI_0772.JPG -96.36187390 29.61699643 41.17584744 0.57942236 -2.02954953 -149.98475761
DJI_0773.JPG -96.36186166 29.61698298 41.12456510 0.42109829 -2.16894635 -149.66129681
DJI_0774.JPG -96.36183545 29.61695790 41.03424088 0.63765015 -2.54065474 -150.51401440
DJI_0775.JPG -96.36182186 29.61694471 41.12683674 0.74328623 -2.44400573 -150.92198984
DJI_0776.JPG -96.36180846 29.61693223 41.01223388 0.14483423 -1.92915528 -151.39628573
DJI_0777.JPG -96.36179497 29.61691995 40.91099717 0.61687071 -2.21876771 -150.82511132
DJI_0778.JPG -96.36178064 29.61690648 40.76527290 0.12234371 -2.27428273 -150.95602192
DJI_0779.JPG -96.36176900 29.61689183 40.88044052 -0.09637272 -2.12704122 -151.60528779
DJI_0780.JPG -96.36175531 29.61687701 41.18321172 -0.30369693 -3.48338679 -150.72439908
DJI_0781.JPG -96.36174150 29.61686713 41.20700486 0.04985082 -2.87208183 -151.12659335
DJI_0782.JPG -96.36171472 29.61684359 41.10461361 -0.03799998 -2.60563875 -152.17616511
DJI_0783.JPG -96.36170060 29.61683155 41.05716824 0.12245286 -2.16754573 -152.14271682
DJI_0784.JPG -96.36168714 29.61681965 41.08862775 -0.02727607 -1.79742966 -152.26054256
DJI_0785.JPG -96.36167441 29.61680778 41.05966627 0.86564132 -2.57554696 -151.27780461
DJI_0786.JPG -96.36166216 29.61679501 41.12893981 0.17586847 -2.20751482 -152.09729685
DJI_0787.JPG -96.36164816 29.61678192 41.16380926 0.37976761 -2.79985496 -151.22661714
DJI_0788.JPG -96.36163447 29.61676970 41.15688207 0.43472612 -1.60557269 -151.91463365
DJI_0789.JPG -96.36162105 29.61675637 41.13231773 -0.32174618 -1.41526748 -153.04674951
DJI_0790.JPG -96.36160873 29.61674231 41.15890850 -0.46961799 -2.01628690 -152.67095140
DJI_0791.JPG -96.36159460 29.61672879 41.31525470 0.02358559 -2.42827029 -152.81603567
DJI_0792.JPG -96.36158123 29.61671687 41.23176482 -0.59173367 -1.75670249 -152.52226768
DJI_0793.JPG -96.36156785 29.61670377 41.32331207 -0.58575866 -1.94662187 -152.20536195
DJI_0794.JPG -96.36155199 29.61669232 41.27319084 -0.27412657 -1.43932486 -153.11219063
DJI_0795.JPG -96.36153787 29.61667769 41.31468913 0.13205953 -2.01171447 -152.29958312
DJI_0796.JPG -96.36152617 29.61666439 41.17296417 -0.27811264 -2.12514111 -152.45444694
DJI_0797.JPG -96.36151213 29.61665016 41.16216862 -0.88541617 -1.64793127 -153.13897803
DJI_0798.JPG -96.36149674 29.61663831 41.21477705 0.07237221 -1.48252503 -153.30048373
DJI_0799.JPG -96.36148309 29.61662446 41.26527570 -0.20836180 -1.54866211 -152.87993391
DJI_0800.JPG -96.36147198 29.61661200 41.20728406 -1.16055168 -0.98205266 -152.74192548
DJI_0801.JPG -96.36145780 29.61659861 41.35059554 -0.20007743 -1.96571453 -153.22695835
DJI_0802.JPG -96.36144301 29.61658527 41.32904976 -0.22276455 -1.91436035 -153.20801357
DJI_0803.JPG -96.36142990 29.61657383 41.18748149 -0.12475339 -1.30729369 -152.61948344
DJI_0804.JPG -96.36141682 29.61655978 41.10062503 -0.19160278 -1.41825285 -152.46642192
DJI_0805.JPG -96.36140335 29.61654626 41.03023889 -0.35889591 -1.34135979 -152.97484263
DJI_0806.JPG -96.36138985 29.61653313 41.03665110 -0.04542712 -1.45652597 -152.83714988
DJI_0807.JPG -96.36137683 29.61651987 40.96528210 0.41033096 -2.16221757 -152.27585962
DJI_0808.JPG -96.36136344 29.61650724 40.96849864 -0.03982929 -1.64784553 -152.73456753
DJI_0809.JPG -96.36135033 29.61649491 41.10679315 -0.09020706 -1.35220017 -153.54637622
DJI_0810.JPG -96.36133623 29.61648184 41.23001515 -0.26821677 -1.18452089 -153.40776428
DJI_0811.JPG -96.36130935 29.61645646 41.45491579 0.30742367 -2.17533807 -152.38661640
DJI_0812.JPG -96.36132809 29.61644035 41.47782061 -0.75099873 -2.87463696 55.43979716
DJI_0813.JPG -96.36134237 29.61645278 41.19564415 -1.83544985 0.37325993 56.05730028
DJI_0814.JPG -96.36135542 29.61646440 41.02508759 -2.53707494 1.60290060 56.57093864
DJI_0815.JPG -96.36136964 29.61647805 41.06432986 -2.69271205 2.26293045 56.67773318
DJI_0816.JPG -96.36138285 29.61649069 41.06900649 -2.84574671 2.60568430 56.85379547
DJI_0817.JPG -96.36139592 29.61650304 41.04676773 -3.29269199 2.70909527 57.28585817
DJI_0818.JPG -96.36141102 29.61651507 40.92632975 -3.34459197 3.02327011 57.52074235
DJI_0819.JPG -96.36142489 29.61652667 40.94984066 -3.42330963 2.71165806 56.13528227
DJI_0820.JPG -96.36143778 29.61654059 40.85840840 -2.73007850 2.86967928 57.27991852
DJI_0821.JPG -96.36144998 29.61655331 40.89983808 -4.01572456 2.22401898 58.73416809
DJI_0822.JPG -96.36146429 29.61656633 40.81791084 -3.78178402 1.50235561 58.28575960
DJI_0823.JPG -96.36147831 29.61657810 40.80796044 -4.01857532 1.85357617 58.56684962
DJI_0824.JPG -96.36149107 29.61659195 40.75203003 -3.65098237 1.97739776 59.03835025
DJI_0825.JPG -96.36150413 29.61660502 40.76197473 -3.86027576 2.79630065 59.79363039
DJI_0826.JPG -96.36151851 29.61661997 40.70060322 -3.50719100 2.36937437 59.32372439
DJI_0827.JPG -96.36153176 29.61663120 40.60628789 -3.33831001 2.59151266 59.43776412
DJI_0828.JPG -96.36154411 29.61664445 40.60816823 -3.28062600 2.64273832 59.08904383
DJI_0829.JPG -96.36155893 29.61665831 40.66649779 -3.28464780 2.46306199 60.71727275
DJI_0830.JPG -96.36157113 29.61667061 40.47632753 -3.51999923 3.14818635 60.24442292
DJI_0831.JPG -96.36158568 29.61668547 40.57372825 -3.09513946 2.40799312 60.67835902
DJI_0832.JPG -96.36159829 29.61669727 40.68529061 -3.19689282 2.80331141 60.21347738
DJI_0833.JPG -96.36161062 29.61671092 40.66894869 -2.93692296 2.81831327 60.23911356
DJI_0834.JPG -96.36162512 29.61672423 40.66990343 -3.13750893 2.81332097 60.26497092
DJI_0835.JPG -96.36163914 29.61673786 40.54964192 -3.39369265 2.99075070 59.82949871
DJI_0836.JPG -96.36165315 29.61675150 40.43928623 -2.75907787 2.51458741 60.70688537
DJI_0837.JPG -96.36166798 29.61676393 40.44600348 -2.89754767 2.48733486 60.19816722
DJI_0838.JPG -96.36168215 29.61677693 40.57816192 -2.91177379 2.56022155 60.79715552
DJI_0839.JPG -96.36169549 29.61678911 40.71040079 -2.77840282 2.85752124 57.35446479
DJI_0840.JPG -96.36170790 29.61680328 40.82866286 -2.70418121 3.30664783 59.45169930
DJI_0841.JPG -96.36172118 29.61681523 40.86571621 -2.61385115 3.04839917 57.83931278
DJI_0842.JPG -96.36173578 29.61682925 40.98427524 -2.56683336 2.68189490 55.89886912
DJI_0843.JPG -96.36174768 29.61684110 40.90561335 -2.55728565 2.54221728 55.54545961
DJI_0844.JPG -96.36176192 29.61685499 40.86598289 -2.28542165 2.30204286 53.97849480
DJI_0845.JPG -96.36177469 29.61686736 40.86865866 -1.73731379 2.76870598 37.14398691
DJI_0846.JPG -96.36178820 29.61688027 40.86167565 -1.33524874 2.81160335 35.46353522
DJI_0847.JPG -96.36180129 29.61689316 40.86103809 -1.56502917 2.69869752 47.33953410
DJI_0848.JPG -96.36181431 29.61690602 40.86234631 -2.00078612 2.53598768 54.64282438
DJI_0849.JPG -96.36182758 29.61692005 40.76250264 -2.14184425 2.56683561 58.65894128
DJI_0850.JPG -96.36184108 29.61693252 40.73807459 -2.27781513 2.81997305 58.23627807
DJI_0851.JPG -96.36185389 29.61694592 40.57035960 -2.70628150 2.60235399 60.97798479
DJI_0852.JPG -96.36186835 29.61695763 40.48502235 -2.63869721 2.39804303 60.07627759
DJI_0853.JPG -96.36188241 29.61697032 40.52559666 -2.34520211 2.43561124 59.75486304
DJI_0854.JPG -96.36189590 29.61698369 40.48588804 -2.45162291 2.17971295 60.89292849
DJI_0855.JPG -96.36191015 29.61699499 40.46033605 -1.82381445 1.90891766 60.99063633
DJI_0856.JPG -96.36192225 29.61700867 40.45660626 -2.45212995 2.58719226 60.43374194
DJI_0857.JPG -96.36193597 29.61702188 40.38548138 -2.67492813 2.59577826 61.41602425
DJI_0858.JPG -96.36195057 29.61703443 40.42539999 -2.49434409 2.35379141 59.45236111
DJI_0859.JPG -96.36196381 29.61704845 40.42084397 -2.25467655 2.26900680 60.18809608
DJI_0860.JPG -96.36197862 29.61706082 40.40697063 -2.41633213 2.22639824 53.87664071
DJI_0861.JPG -96.36199124 29.61707493 40.45893727 -2.63012982 1.13054054 62.73133846
DJI_0862.JPG -96.36200298 29.61708814 40.31943492 -2.09363332 1.57642298 58.92150363
