imageName X Y Z Omega Phi Kappa
DJI_0001.JPG 755495.061769 3279284.605458 42.501870 0.376604 -1.048478 -140.700293
DJI_0002.JPG 755496.567270 3279283.371196 42.588912 0.371491 -1.735155 -148.656949
DJI_0003.JPG 755497.949032 3279282.033079 42.704217 0.280920 -1.953844 -148.657354
DJI_0004.JPG 755499.178685 3279280.577709 42.716564 0.478204 -2.476712 -149.272211
DJI_0005.JPG 755500.506267 3279279.121765 43.039742 0.546628 -2.776320 -149.411151
DJI_0006.JPG 755501.810848 3279277.742948 43.012710 0.474148 -3.142946 -149.679608
DJI_0007.JPG 755503.043837 3279276.434546 42.894254 0.529357 -3.171002 -149.690508
DJI_0008.JPG 755504.299698 3279275.080970 42.725557 0.635323 -2.889011 -150.008552
DJI_0009.JPG 755505.604101 3279273.619743 42.788509 0.438522 -3.329723 -150.409886
DJI_0010.JPG 755506.958948 3279272.149523 42.676821 0.619927 -3.245166 -150.209169
DJI_0011.JPG 755508.372981 3279270.627626 42.791717 0.660364 -3.265426 -149.930125
DJI_0012.JPG 755509.729694 3279269.047600 42.705404 0.436559 -3.371349 -151.125854
DJI_0013.JPG 755511.018919 3279267.401738 42.634252 1.036099 -3.746503 -150.849068
DJI_0014.JPG 755512.510325 3279266.036229 42.573163 1.478212 -3.599737 -151.021446
DJI_0015.JPG 755514.973906 3279263.360667 42.886552 1.788080 -3.578916 -151.307305
DJI_0016.JPG 755516.288929 3279262.035125 42.845018 1.396855 -3.596930 -151.164164
DJI_0017.JPG 755517.605993 3279260.624228 42.666556 1.458906 -3.402512 -151.140062
DJI_0018.JPG 755519.018349 3279259.252630 42.470262 1.548558 -2.845214 -151.341605
DJI_0019.JPG 755520.274191 3279257.858934 42.484016 2.042769 -2.755420 -151.693086
DJI_0020.JPG 755521.462092 3279256.229058 42.384923 1.668429 -3.358753 -151.467984
DJI_0021.JPG 755522.777934 3279254.986402 42.624839 2.092144 -3.006543 -151.075209
DJI_0022.JPG 755524.271001 3279253.572086 42.742073 2.390729 -2.973844 -150.746399
DJI_0023.JPG 755526.747280 3279250.690334 42.608760 2.112689 -2.763860 -150.153311
DJI_0024.JPG 755527.977761 3279249.248205 42.588474 2.500560 -2.878615 -150.440092
DJI_0025.JPG 755529.356426 3279247.843390 42.683596 2.519183 -2.617734 -150.784743
DJI_0026.JPG 755530.665397 3279246.410188 42.471636 2.304551 -3.071864 -150.759239
DJI_0027.JPG 755532.152757 3279245.155985 42.367491 2.648412 -2.567853 -151.153897
DJI_0028.JPG 755533.486361 3279243.807910 42.477774 2.420329 -2.806945 -151.750234
DJI_0029.JPG 755534.965932 3279242.522372 42.401901 2.986782 -3.081193 -151.770197
DJI_0030.JPG 755539.240077 3279238.683760 42.809365 0.052113 -1.674645 -152.061793
DJI_0031.JPG 755540.532308 3279237.190010 42.731599 0.091174 -1.833497 -151.931139
DJI_0032.JPG 755541.847428 3279235.890905 42.684088 -0.107017 -1.630916 -152.205402
DJI_0033.JPG 755543.235877 3279234.308909 42.835165 -0.192202 -2.053683 -152.063520
DJI_0034.JPG 755544.522363 3279232.892888 43.050623 -0.272411 -2.318485 -151.422659
DJI_0035.JPG 755545.854923 3279231.649133 43.236475 -0.060095 -2.199310 -151.507243
DJI_0036.JPG 755548.548730 3279229.000427 43.100851 0.496703 -2.747053 -151.297793
DJI_0037.JPG 755546.522860 3279227.146985 42.824337 -0.413935 -3.256049 56.251416
DJI_0038.JPG 755545.395515 3279228.345421 42.567121 -1.037386 -0.597041 56.358882
DJI_0039.JPG 755544.021965 3279229.714413 42.559508 -1.573516 0.602488 55.403295
DJI_0040.JPG 755542.608430 3279231.058734 42.571506 -1.954909 1.758634 54.476324
DJI_0041.JPG 755541.179275 3279232.502705 42.569796 -1.891212 1.928466 56.177980
DJI_0042.JPG 755539.693414 3279233.917374 42.499530 -2.194309 2.407499 56.613835
DJI_0043.JPG 755538.230732 3279235.320111 42.431788 -2.460651 2.630344 56.945149
DJI_0044.JPG 755536.769088 3279236.811665 42.325442 -2.903573 2.486348 56.840979
DJI_0045.JPG 755534.096303 3279239.281690 42.161593 -0.485067 2.164747 59.738717
DJI_0046.JPG 755532.834741 3279240.763947 42.141108 -0.360965 2.162753 60.697129
DJI_0047.JPG 755531.520539 3279241.979303 42.063108 -0.348636 1.863953 61.504378
DJI_0048.JPG 755530.157873 3279243.314380 41.998315 -0.910790 2.400625 60.100788
DJI_0049.JPG 755528.665171 3279244.728885 42.011407 -0.408743 1.756312 60.200460
DJI_0050.JPG 755527.501949 3279246.214975 41.771723 -0.718101 2.453178 61.458668
DJI_0051.JPG 755526.049712 3279247.508613 41.784433 -0.808901 2.635861 60.606904
DJI_0052.JPG 755524.566268 3279248.971259 41.892409 -0.761773 2.412062 60.917211
DJI_0053.JPG 755523.282921 3279250.495106 41.912800 -1.479864 2.475734 60.969348
DJI_0054.JPG 755521.905290 3279252.009266 41.718108 -1.061699 1.912707 63.307847
DJI_0055.JPG 755519.113861 3279254.823116 41.833310 -1.623420 1.949787 62.305427
DJI_0056.JPG 755517.980725 3279256.230801 41.741467 -1.828281 1.978666 61.987784
DJI_0057.JPG 755516.509837 3279257.488428 41.874607 -2.150197 1.849096 61.299976
DJI_0058.JPG 755515.186162 3279258.965769 41.954608 -1.768765 1.618256 62.565048
DJI_0059.JPG 755514.217503 3279260.246398 41.926681 -2.103075 1.506518 62.658279
DJI_0060.JPG 755512.880259 3279261.640960 41.796437 -1.788908 1.789134 62.312282
DJI_0061.JPG 755511.579651 3279263.046009 41.984721 -1.761736 1.690644 62.699963
DJI_0062.JPG 755510.154354 3279264.384903 41.880738 -2.056254 0.869336 62.286048
DJI_0063.JPG 755508.787069 3279265.792077 41.677991 -2.017166 0.828542 62.427118
DJI_0064.JPG 755507.456773 3279267.216867 41.645245 -2.236846 1.033235 62.537537
DJI_0065.JPG 755506.201104 3279268.678575 41.519447 -2.511167 1.318556 62.771554
DJI_0066.JPG 755504.925380 3279270.022292 41.490732 -2.389710 1.353765 62.782872
DJI_0067.JPG 755503.636622 3279271.454521 41.423276 -2.528673 1.530174 62.357980
DJI_0068.JPG 755502.104415 3279272.819804 41.707583 -2.419077 1.343535 62.339690
DJI_0069.JPG 755500.879548 3279274.226790 41.849356 -2.019814 1.156956 62.880166
DJI_0070.JPG 755499.493495 3279275.538641 42.178078 -1.838538 1.513334 62.315638
DJI_0071.JPG 755498.225099 3279276.904675 42.286640 -2.221684 1.554697 61.940647
DJI_0072.JPG 755495.359655 3279279.974872 42.119706 -2.454457 1.251403 61.863154
DJI_0073.JPG 755494.000617 3279281.351465 42.151260 -2.409438 1.621577 60.721463
DJI_0074.JPG 755492.553160 3279282.766241 42.038469 -3.119668 1.581634 61.843657
DJI_0075.JPG 755491.313283 3279284.049196 41.966520 -3.062665 1.259863 64.141066
DJI_0076.JPG 755490.034232 3279285.487789 41.679014 -3.235739 1.620541 63.294308
DJI_0077.JPG 755488.644498 3279286.825677 41.661259 -3.005887 1.912031 62.204301
DJI_0078.JPG 755487.328584 3279288.069811 41.775721 -3.227687 1.951197 62.772474
DJI_0079.JPG 755485.912409 3279289.360754 41.933271 -3.085376 1.875232 62.296721
DJI_0080.JPG 755484.576690 3279290.776110 41.864521 -3.126680 2.003784 62.351323
DJI_0081.JPG 755483.306763 3279292.128168 42.055046 -3.064194 2.182798 62.176233
DJI_0082.JPG 755481.986189 3279293.589853 42.096470 -2.942183 1.775072 62.282306
DJI_0083.JPG 755480.655349 3279294.935770 42.258485 -2.449736 2.859936 62.116075
DJI_0084.JPG 755479.233530 3279296.285593 42.626135 -2.209313 2.462474 62.867830
DJI_0085.JPG 755477.203756 3279294.809922 42.843786 -1.107658 2.724313 -109.553917
DJI_0086.JPG 755478.192117 3279293.295439 43.194179 0.446154 1.508570 -146.717283
DJI_0087.JPG 755479.515928 3279291.939017 43.288896 0.564912 -0.058739 -146.774212
DJI_0088.JPG 755480.860369 3279290.486865 43.437409 0.929296 -1.220698 -146.730892
DJI_0089.JPG 755482.166713 3279289.104236 43.541016 0.736381 -0.836101 -147.207001
DJI_0090.JPG 755483.532020 3279287.749230 43.494275 1.118412 -2.277468 -147.209495
DJI_0091.JPG 755484.838441 3279286.177082 43.573275 0.772255 -2.842868 -147.803074
DJI_0092.JPG 755486.192436 3279285.002409 43.449732 0.895958 -2.658476 -148.010829
DJI_0093.JPG 755487.585537 3279283.728857 43.493199 0.959723 -2.523292 -148.847593
DJI_0094.JPG 755488.866418 3279282.277872 43.504683 0.451183 -2.662107 -148.974823
DJI_0095.JPG 755490.155542 3279280.806532 43.573401 0.459227 -3.306244 -148.913215
DJI_0096.JPG 755491.429996 3279279.525074 43.468118 0.286112 -2.674160 -149.770085
DJI_0097.JPG 755492.754506 3279278.114202 43.483843 0.237119 -2.789120 -148.913806
DJI_0098.JPG 755494.073572 3279276.719031 43.440205 0.369048 -2.877195 -149.595854
DJI_0099.JPG 755495.321212 3279275.317385 43.353884 0.280689 -3.045647 -149.491211
DJI_0100.JPG 755496.644496 3279273.825193 43.534841 0.762784 -3.250219 -149.388368
DJI_0101.JPG 755498.019184 3279272.421186 43.721103 0.411118 -3.715822 -148.980640
DJI_0102.JPG 755500.793860 3279269.805561 43.941429 0.656772 -3.021161 -149.445770
DJI_0103.JPG 755503.589632 3279267.045356 43.901320 0.601108 -3.428669 -149.932062
DJI_0104.JPG 755504.814630 3279265.659378 43.832013 -0.010988 -3.404875 -149.967266
DJI_0105.JPG 755506.145331 3279264.234101 43.696965 -0.168759 -3.233834 -149.997649
DJI_0106.JPG 755507.581886 3279262.739520 43.598657 0.149877 -2.642500 -150.490595
DJI_0107.JPG 755508.990437 3279261.322446 43.415621 0.051715 -2.017930 -150.314438
DJI_0108.JPG 755510.276861 3279259.986596 43.225901 0.148517 -2.601362 -150.879443
DJI_0109.JPG 755511.605287 3279258.512077 43.291719 -0.134579 -2.318151 -150.076299
DJI_0110.JPG 755512.986069 3279257.167464 43.347943 0.189417 -2.057083 -150.440235
DJI_0111.JPG 755514.230799 3279255.717535 43.366647 -0.282142 -2.382596 -150.039842
DJI_0112.JPG 755515.534120 3279254.431788 43.225662 0.031393 -2.095716 -150.611756
DJI_0113.JPG 755516.821529 3279252.906024 43.289565 -0.039163 -2.426006 -150.491137
DJI_0114.JPG 755518.292891 3279251.657615 43.436981 0.112795 -2.134343 -150.910104
DJI_0115.JPG 755519.628527 3279250.233043 43.391214 -0.113734 -2.290652 -150.647072
DJI_0116.JPG 755520.994986 3279248.834487 43.514445 -0.171153 -2.409351 -150.742838
DJI_0117.JPG 755523.729326 3279246.113598 43.411567 -0.427734 -2.545657 -150.687206
DJI_0118.JPG 755525.194362 3279244.982889 43.210715 -0.002735 -2.481040 -150.957504
DJI_0119.JPG 755526.543088 3279243.576329 43.130531 0.669899 -2.151704 -150.068533
DJI_0120.JPG 755527.915805 3279242.259697 43.147437 0.074389 -1.935798 -151.324341
DJI_0121.JPG 755529.180833 3279240.884253 43.141004 0.510984 -2.003889 -150.768090
DJI_0122.JPG 755530.383524 3279239.261916 43.057300 -0.294450 -1.855200 -151.356433
DJI_0123.JPG 755531.756765 3279237.845275 43.104758 -0.063353 -1.796671 -150.995222
DJI_0124.JPG 755533.200531 3279236.401022 43.013132 0.098352 -2.085141 -150.737450
DJI_0125.JPG 755534.571825 3279235.027011 42.976692 -0.236757 -1.439146 -151.459289
DJI_0126.JPG 755535.853597 3279233.609101 43.035521 0.045996 -1.688370 -151.207893
DJI_0127.JPG 755537.045371 3279232.135784 43.105871 0.045979 -1.526723 -150.442074
DJI_0128.JPG 755538.428183 3279230.827772 43.225347 0.050711 -1.664695 -150.942451
DJI_0129.JPG 755539.777342 3279229.386572 43.397354 0.060608 -1.282253 -151.741246
DJI_0130.JPG 755541.062429 3279227.959330 43.419218 0.433019 -1.775706 -151.315706
DJI_0131.JPG 755542.345964 3279226.571713 43.409338 0.263272 -2.081282 -151.183082
DJI_0132.JPG 755543.575169 3279225.184803 43.369747 -0.224689 -2.611675 -150.920465
DJI_0133.JPG 755541.840414 3279223.474597 43.343910 -0.432738 -3.563138 59.304660
DJI_0134.JPG 755540.415654 3279224.539643 43.410701 -1.071382 -1.584675 57.309483
DJI_0135.JPG 755539.011307 3279226.009116 43.442473 -1.408515 0.145889 57.825648
DJI_0136.JPG 755537.777016 3279227.474458 43.293540 -2.043619 1.169587 57.284200
DJI_0137.JPG 755534.916624 3279230.092255 43.161429 -2.449740 1.955387 58.571141
DJI_0138.JPG 755533.459763 3279231.464452 43.239651 -2.789424 2.456000 57.513133
DJI_0139.JPG 755532.160962 3279233.052613 43.273697 -2.978113 2.428822 59.979262
DJI_0140.JPG 755530.891697 3279234.380864 43.334317 -3.129285 2.942610 59.713653
DJI_0141.JPG 755529.469640 3279235.820001 43.265648 -3.097795 2.980988 59.999441
DJI_0142.JPG 755527.990944 3279237.273352 43.274332 -2.994127 2.889509 60.426811
DJI_0143.JPG 755526.787823 3279238.705874 43.095044 -3.273419 3.062269 60.481404
DJI_0144.JPG 755525.283783 3279240.029891 43.155577 -3.295428 3.088584 59.893483
DJI_0145.JPG 755523.933857 3279241.364342 43.305524 -2.911986 3.015283 57.633838
DJI_0146.JPG 755522.652803 3279242.735596 43.219395 -3.190060 2.955034 59.003820
DJI_0147.JPG 755521.354404 3279244.283404 43.103327 -2.879665 2.745120 60.848900
DJI_0148.JPG 755519.953325 3279245.593515 43.010684 -3.109628 2.822996 61.461736
DJI_0149.JPG 755518.590106 3279247.095888 42.989094 -3.478095 2.843089 60.732763
DJI_0150.JPG 755517.154530 3279248.426839 42.931072 -2.932424 2.468344 60.249965
DJI_0151.JPG 755515.919671 3279249.959920 42.836625 -2.834429 2.709716 60.672559
DJI_0152.JPG 755514.579501 3279251.430258 42.935660 -2.748910 2.465801 58.786521
DJI_0153.JPG 755513.446487 3279252.857861 42.961338 -2.580777 2.341801 60.715189
DJI_0154.JPG 755512.085455 3279254.228291 42.730054 -2.567497 2.377436 60.482299
DJI_0155.JPG 755510.815777 3279255.758710 42.743428 -2.415476 2.459988 59.912429
DJI_0156.JPG 755509.601476 3279257.103295 42.615447 -2.416157 2.053931 63.154024
DJI_0157.JPG 755508.209079 3279258.398295 42.477857 -2.492812 2.045787 63.009528
DJI_0158.JPG 755506.815530 3279259.746094 42.419999 -2.459686 1.970532 63.135111
DJI_0159.JPG 755505.560527 3279261.151410 42.331166 -2.424297 1.845619 63.353842
DJI_0160.JPG 755504.108145 3279262.535458 42.344725 -2.592112 2.092047 62.562388
DJI_0161.JPG 755502.771677 3279263.979012 42.593318 -2.873704 2.112184 61.728385
DJI_0162.JPG 755501.362905 3279265.438552 42.632800 -2.613185 1.725691 62.107093
DJI_0163.JPG 755500.054183 3279266.865369 42.544629 -2.512590 1.703117 63.186839
DJI_0164.JPG 755498.548748 3279268.103017 42.597570 -2.497165 1.791889 62.003702
DJI_0165.JPG 755497.211417 3279269.450310 42.557979 -2.501776 1.631195 58.972769
DJI_0166.JPG 755496.129309 3279270.813108 42.724100 -2.244677 1.652338 58.234479
DJI_0167.JPG 755495.005493 3279272.212955 43.069943 -1.877147 1.745417 63.277063
DJI_0168.JPG 755493.623318 3279273.661222 43.137955 -1.959334 1.630022 62.654472
DJI_0169.JPG 755492.319837 3279275.072589 43.209315 -2.028676 1.488193 63.487084
DJI_0170.JPG 755490.912100 3279276.606852 43.236309 -2.040766 1.665898 62.376279
DJI_0171.JPG 755489.457201 3279278.040500 43.347852 -2.356693 1.556552 62.486819
DJI_0172.JPG 755488.005602 3279279.493644 43.517259 -1.876327 2.256588 62.320681
DJI_0173.JPG 755486.603590 3279280.850894 43.547252 -2.046047 1.733025 61.729171
DJI_0174.JPG 755485.200358 3279282.317878 43.544565 -2.290014 3.513142 37.296861
DJI_0175.JPG 755483.897119 3279283.707428 43.379532 -1.863875 3.296536 35.580916
DJI_0176.JPG 755482.678954 3279285.096636 43.256503 -1.809860 3.371377 36.314456
DJI_0177.JPG 755481.390742 3279286.502114 43.109013 -1.505475 3.190236 36.257173
DJI_0178.JPG 755480.190975 3279287.966386 43.294657 -1.339773 2.399861 54.769257
DJI_0179.JPG 755478.790003 3279289.301545 43.149048 -1.367959 2.130986 58.428198
DJI_0180.JPG 755477.375765 3279290.742423 42.986068 -1.515941 2.135832 58.957557
DJI_0181.JPG 755476.029814 3279292.195548 42.828743 -1.821150 1.680017 64.375619
DJI_0182.JPG 755474.612749 3279293.461735 42.780903 -1.317656 1.474871 64.138217
DJI_0183.JPG 755472.679478 3279291.756671 42.870232 -0.719096 3.646355 -122.519941
DJI_0184.JPG 755473.805016 3279290.459392 43.091085 -0.036636 2.376555 -145.566024
DJI_0185.JPG 755475.218622 3279289.037547 42.941723 0.516226 0.275216 -145.280406
DJI_0186.JPG 755476.472313 3279287.516348 42.750759 0.369620 -0.106211 -147.486784
DJI_0187.JPG 755477.757229 3279286.144607 42.752400 0.229523 -0.850131 -147.601368
DJI_0188.JPG 755479.100711 3279284.662967 42.960294 0.748871 -1.730658 -147.548216
DJI_0189.JPG 755480.459432 3279283.288888 43.062393 0.814046 -2.348317 -147.378680
DJI_0190.JPG 755481.737044 3279281.770575 43.380787 0.004508 -2.606850 -147.687017
DJI_0191.JPG 755483.207167 3279280.503008 43.405560 0.766818 -2.645117 -148.292066
DJI_0192.JPG 755484.447103 3279279.102878 43.337625 0.447587 -2.841863 -148.683050
DJI_0193.JPG 755485.808846 3279277.563984 43.159869 0.318819 -3.240353 -148.656265
DJI_0194.JPG 755487.163379 3279276.155279 43.065157 0.284905 -2.760668 -149.366086
DJI_0195.JPG 755488.490136 3279274.736585 43.186900 0.528202 -3.071193 -148.944171
DJI_0196.JPG 755489.832739 3279273.236967 43.327750 0.253859 -2.878000 -149.138747
DJI_0197.JPG 755491.196168 3279271.804960 43.464169 0.218178 -3.198919 -149.649894
DJI_0198.JPG 755492.572615 3279270.507367 43.465584 0.197949 -2.784197 -149.564147
DJI_0199.JPG 755494.024315 3279269.116755 43.565784 0.608123 -3.503773 -149.123087
DJI_0200.JPG 755495.296068 3279267.701904 43.749311 -0.039497 -3.168034 -149.386514
DJI_0201.JPG 755496.788915 3279266.307422 43.642552 0.506656 -3.442809 -149.755977
DJI_0202.JPG 755498.118918 3279264.917821 43.598556 -0.158931 -2.993263 -149.925699
DJI_0203.JPG 755499.461899 3279263.469236 43.644184 0.164037 -3.065814 -149.776088
DJI_0204.JPG 755500.902780 3279262.114275 43.565472 0.550617 -2.417105 -150.409887
DJI_0205.JPG 755502.067487 3279260.684482 43.569333 -0.004029 -2.647391 -150.576181
DJI_0206.JPG 755503.438474 3279259.223814 43.486473 0.368342 -2.409146 -150.450265
DJI_0207.JPG 755504.725610 3279257.904898 43.596940 0.415174 -2.502027 -150.621784
DJI_0208.JPG 755506.128203 3279256.457081 43.648665 0.320688 -2.571479 -150.609205
DJI_0209.JPG 755507.445468 3279255.121728 43.764614 0.451431 -2.570702 -150.202816
DJI_0210.JPG 755508.779459 3279253.752872 43.777049 0.345229 -2.608859 -150.380408
DJI_0211.JPG 755510.246362 3279252.393296 43.726247 0.645347 -2.439479 -150.773470
DJI_0212.JPG 755511.488254 3279250.958900 43.665635 0.602636 -2.282226 -151.116883
DJI_0213.JPG 755512.810957 3279249.545695 43.500194 0.106040 -2.303441 -150.367391
DJI_0214.JPG 755514.269532 3279248.144946 43.557841 0.490708 -2.510569 -150.107655
DJI_0215.JPG 755515.646807 3279246.729873 43.643959 -0.103652 -2.499535 -150.453415
DJI_0216.JPG 755517.052002 3279245.350143 43.524518 0.423858 -2.673900 -149.848871
DJI_0217.JPG 755518.481143 3279244.069185 43.496265 0.462320 -1.914408 -150.694395
DJI_0218.JPG 755519.895146 3279242.610922 43.499576 0.105966 -1.964341 -150.401445
DJI_0219.JPG 755521.211860 3279241.211071 43.498213 0.305638 -2.262864 -150.460503
DJI_0220.JPG 755522.557342 3279239.758102 43.781470 0.757005 -2.541054 -150.679366
DJI_0221.JPG 755523.863487 3279238.388209 43.775820 0.236260 -2.035131 -150.818025
DJI_0222.JPG 755526.572925 3279235.504191 44.043202 0.398877 -2.594960 -150.616792
DJI_0223.JPG 755527.929201 3279234.087289 43.926708 0.545806 -2.185681 -150.620690
DJI_0224.JPG 755529.224044 3279232.690227 43.761476 0.140491 -1.982856 -150.873607
DJI_0225.JPG 755530.555384 3279231.237822 43.611924 0.525046 -2.480308 -150.791131
DJI_0226.JPG 755531.824832 3279229.795508 43.701653 0.320120 -2.572968 -150.576295
DJI_0227.JPG 755533.132315 3279228.461842 43.847730 0.166485 -2.511428 -150.321036
DJI_0228.JPG 755534.498329 3279227.125312 43.990165 0.329175 -2.304477 -150.804464
DJI_0229.JPG 755535.713989 3279225.678028 43.788626 -0.139137 -2.284073 -150.483620
DJI_0230.JPG 755537.013747 3279224.328241 43.587468 0.161727 -2.137617 -151.194039
DJI_0231.JPG 755538.387369 3279222.796140 43.547170 -0.034398 -2.258238 -150.439964
DJI_0232.JPG 755539.770548 3279221.442331 43.594083 0.391649 -2.539719 -150.861919
DJI_0233.JPG 755538.039455 3279219.482058 43.579310 -0.491915 -3.103384 56.313316
DJI_0234.JPG 755536.588960 3279220.711165 43.743263 -1.400419 -0.722330 53.370979
DJI_0235.JPG 755535.432447 3279222.260182 43.593029 -2.029245 1.119028 54.536157
DJI_0236.JPG 755534.063501 3279223.676780 43.334150 -2.545913 1.656162 57.854901
DJI_0237.JPG 755532.637176 3279225.078354 43.019029 -2.965949 2.124073 58.948468
DJI_0238.JPG 755531.235350 3279226.458302 43.077974 -2.725305 2.265634 58.734898
DJI_0239.JPG 755529.814711 3279227.788060 43.200317 -2.389055 2.550938 58.184373
DJI_0240.JPG 755528.454426 3279229.201448 43.303680 -2.740986 2.534602 59.377736
DJI_0241.JPG 755526.966770 3279230.578146 43.265550 -2.800824 2.682048 59.082490
DJI_0242.JPG 755525.714027 3279231.971438 43.158395 -2.856836 3.038744 59.577634
DJI_0243.JPG 755524.231257 3279233.306958 43.081665 -3.276739 3.004451 60.171939
DJI_0244.JPG 755522.779151 3279234.712232 43.131135 -3.011793 2.762046 59.263404
DJI_0245.JPG 755521.340574 3279236.148158 43.297537 -2.581016 3.274804 55.973749
DJI_0246.JPG 755519.969425 3279237.611587 43.444218 -2.655752 3.150911 56.207183
DJI_0247.JPG 755518.688205 3279238.976566 43.535855 -2.616521 3.146024 55.932310
DJI_0248.JPG 755517.390852 3279240.409472 44.392912 -2.689177 2.936414 56.332921
DJI_0249.JPG 755514.742849 3279243.298171 43.489374 -2.524467 2.926060 53.646244
DJI_0250.JPG 755513.504908 3279244.728726 43.422162 -2.474585 3.007152 59.003920
DJI_0251.JPG 755511.888547 3279246.144197 43.377224 -2.307469 2.749451 52.393532
DJI_0252.JPG 755510.523899 3279247.626776 43.354197 -2.229629 2.702053 53.030298
DJI_0253.JPG 755509.233521 3279248.803072 43.275237 -2.378916 2.700628 56.298458
DJI_0254.JPG 755507.746670 3279250.305390 43.223398 -2.610003 2.572253 57.051594
DJI_0255.JPG 755506.424451 3279251.616379 43.312961 -2.436689 2.557012 56.663592
DJI_0256.JPG 755505.032597 3279253.005191 43.415831 -2.579063 2.954823 54.647082
DJI_0257.JPG 755503.652250 3279254.513280 43.476052 -2.582044 2.863800 54.970017
DJI_0258.JPG 755502.211380 3279255.880192 43.328840 -1.844071 3.196936 49.086811
DJI_0259.JPG 755501.082369 3279257.253502 43.412890 -2.067987 2.989208 51.775230
DJI_0260.JPG 755499.642398 3279258.619258 43.271953 -2.045850 2.887834 51.863392
DJI_0261.JPG 755498.343157 3279260.051052 43.305222 -2.063526 2.857687 55.121596
DJI_0262.JPG 755496.906990 3279261.431995 43.487692 -2.047625 2.571517 52.292223
DJI_0263.JPG 755495.720068 3279262.801428 43.286092 -2.055064 2.495380 52.142299
DJI_0264.JPG 755493.002528 3279265.634054 43.078108 -1.956236 2.467005 50.844938
DJI_0265.JPG 755491.679161 3279267.008959 42.976949 -0.633344 2.368250 39.787730
DJI_0266.JPG 755490.316143 3279268.497754 43.087837 -1.145740 2.442360 43.456726
DJI_0267.JPG 755489.067358 3279269.888819 43.135332 -1.114780 2.474951 43.650666
DJI_0268.JPG 755487.651760 3279271.382652 43.079226 -0.471307 2.416459 35.900568
DJI_0269.JPG 755486.364233 3279272.786752 43.162591 -0.689124 2.505156 38.032958
DJI_0270.JPG 755485.080557 3279274.173171 43.245744 -0.465412 2.796647 38.670300
DJI_0271.JPG 755483.626772 3279275.631047 43.218465 -0.587916 2.668772 37.757948
DJI_0272.JPG 755482.206574 3279277.196818 43.177782 -0.592226 2.620185 36.982595
DJI_0273.JPG 755480.942103 3279278.604364 43.149487 -0.667244 2.404838 37.427879
DJI_0274.JPG 755479.569794 3279279.890166 43.259952 -1.057658 2.663136 37.004953
DJI_0275.JPG 755478.183601 3279281.205475 43.293950 -0.879157 2.737896 36.760423
DJI_0276.JPG 755476.772329 3279282.718009 43.159309 -0.825166 3.055544 39.559162
DJI_0277.JPG 755475.555501 3279284.132508 43.078810 -1.425569 2.358686 59.406676
DJI_0278.JPG 755474.195814 3279285.464835 42.977833 -1.782277 2.098218 59.784056
DJI_0279.JPG 755472.868200 3279286.942699 42.650850 -1.826357 2.132351 63.098807
DJI_0280.JPG 755471.510337 3279288.128702 42.614424 -1.887081 2.130580 62.441948
DJI_0281.JPG 755470.033880 3279289.545688 42.547938 -1.972477 1.374440 64.027964
DJI_0282.JPG 755467.996905 3279287.767372 42.361873 -2.239483 2.769831 -144.794724
DJI_0283.JPG 755469.238561 3279286.456732 42.434864 -0.752693 1.075256 -146.335832
DJI_0284.JPG 755470.512655 3279285.134227 42.651468 -0.453059 0.163227 -146.639206
DJI_0285.JPG 755471.923484 3279283.476648 42.889276 0.413852 -2.032172 -135.589524
DJI_0286.JPG 755473.249147 3279282.146241 42.992224 -0.112103 -1.881640 -145.999161
DJI_0287.JPG 755474.701943 3279280.774328 43.017982 -0.071532 -2.619725 -146.982837
DJI_0288.JPG 755476.081558 3279279.347941 42.949670 0.225989 -2.963031 -146.884433
DJI_0289.JPG 755477.483805 3279278.012719 43.035210 0.661817 -3.266316 -146.559739
DJI_0290.JPG 755478.865913 3279276.655210 43.007230 0.528415 -3.285683 -147.923184
DJI_0291.JPG 755480.070234 3279275.216358 42.973263 0.508100 -4.073215 -146.982516
DJI_0292.JPG 755481.477817 3279273.902701 43.023488 0.971647 -4.055089 -137.510330
DJI_0293.JPG 755482.947314 3279272.671244 42.975120 0.098413 -3.794357 -147.712967
DJI_0294.JPG 755484.305716 3279271.185283 43.087411 0.543056 -3.752481 -146.720763
DJI_0295.JPG 755485.742185 3279269.658205 43.102085 0.570693 -3.495439 -147.834650
DJI_0296.JPG 755487.001560 3279268.115367 43.108597 0.874525 -3.582754 -143.429446
DJI_0297.JPG 755488.367289 3279266.688377 42.916269 0.549029 -3.220800 -146.349495
DJI_0298.JPG 755489.758033 3279265.137781 42.907802 0.411814 -3.194447 -148.709602
DJI_0299.JPG 755491.147570 3279263.890703 42.852056 0.849287 -2.491348 -149.433062
DJI_0300.JPG 755492.429792 3279262.422178 42.666433 0.396282 -2.813459 -149.800193
DJI_0301.JPG 755493.874404 3279261.134389 42.473646 0.564910 -2.441221 -150.240713
DJI_0302.JPG 755495.220658 3279259.682930 42.391489 0.619001 -2.819762 -150.136948
DJI_0303.JPG 755496.518550 3279258.320497 42.370383 0.730475 -2.621813 -150.556776
DJI_0304.JPG 755497.994781 3279256.781506 42.345143 0.249071 -2.746341 -150.741995
DJI_0305.JPG 755499.255704 3279255.305187 42.339216 0.449730 -3.050631 -149.844853
DJI_0306.JPG 755500.607400 3279254.023688 42.442453 0.045365 -2.943090 -150.799966
DJI_0307.JPG 755501.980437 3279252.553105 42.618659 0.473542 -2.539752 -150.403440
DJI_0308.JPG 755503.334673 3279251.126118 42.591317 0.781629 -2.083766 -150.146512
DJI_0309.JPG 755504.588517 3279249.561675 42.746165 -0.194169 -2.911222 -150.400304
DJI_0310.JPG 755505.891680 3279248.315358 42.830454 0.452487 -3.358234 -144.346449
DJI_0311.JPG 755507.217172 3279246.941420 42.967973 0.196710 -2.377758 -148.471628
DJI_0312.JPG 755508.570383 3279245.507949 43.052566 0.002448 -2.468704 -150.502527
DJI_0313.JPG 755509.903148 3279244.166874 42.878879 0.241278 -2.403385 -150.219839
DJI_0314.JPG 755511.372845 3279242.787122 42.776862 0.380825 -2.146563 -150.735028
DJI_0315.JPG 755512.760274 3279241.517414 42.705548 0.388699 -1.555209 -150.762043
DJI_0316.JPG 755514.144424 3279239.988568 42.823181 -0.076433 -2.018929 -150.738620
DJI_0317.JPG 755515.450576 3279238.564172 42.951014 -0.259453 -2.102563 -150.139035
DJI_0318.JPG 755516.757101 3279237.051611 42.954801 -0.267720 -2.436700 -149.892298
DJI_0319.JPG 755518.089885 3279235.666220 43.004630 -0.395577 -2.382196 -148.395512
DJI_0320.JPG 755519.477680 3279234.315181 42.901890 0.176318 -2.533334 -147.795358
DJI_0321.JPG 755520.951093 3279232.857106 42.825816 -0.181518 -2.453715 -145.747983
DJI_0322.JPG 755522.129140 3279231.531386 42.671903 -0.362818 -2.262343 -149.151128
DJI_0323.JPG 755523.894787 3279229.395245 42.261270 0.665480 -2.379857 -146.653865
DJI_0324.JPG 755525.177611 3279228.310863 42.040410 -0.250106 -1.952736 -146.205500
DJI_0325.JPG 755529.153261 3279223.754056 41.683275 0.393399 -2.370696 -148.198500
DJI_0326.JPG 755530.527303 3279222.302464 41.637754 0.416160 -2.568554 -148.514731
DJI_0327.JPG 755534.472395 3279218.160623 42.065869 -0.827792 -2.548864 -149.047685
DJI_0328.JPG 755533.962888 3279214.877750 42.011612 -0.652915 -4.265166 57.633061
DJI_0329.JPG 755532.811372 3279216.025129 42.069770 -1.264523 -1.566954 58.822257
DJI_0330.JPG 755529.988436 3279218.904680 41.646369 -2.291146 1.275380 59.481451
DJI_0331.JPG 755528.508302 3279220.317887 41.688654 -2.685139 2.100878 59.091672
DJI_0332.JPG 755527.275915 3279221.763165 41.871976 -3.171249 2.817998 58.679062
DJI_0333.JPG 755525.966216 3279223.259430 41.917690 -3.209651 2.957205 59.270055
DJI_0334.JPG 755524.630339 3279224.845215 41.748507 -3.810845 3.414469 58.543583
DJI_0335.JPG 755523.284361 3279226.221757 41.868149 -3.435096 3.313087 59.557815
DJI_0336.JPG 755521.977951 3279227.599106 41.972100 -3.469484 3.584846 59.530608
DJI_0337.JPG 755520.548035 3279228.897738 41.907644 -3.619507 3.458729 61.027383
DJI_0338.JPG 755519.224272 3279230.260901 41.616088 -3.615294 3.699416 59.832840
DJI_0339.JPG 755517.715072 3279231.637683 41.429446 -3.600959 3.493851 59.378036
DJI_0340.JPG 755516.285285 3279233.077384 41.382603 -3.428868 3.264572 59.909901
DJI_0341.JPG 755515.120672 3279234.456664 41.429445 -3.117510 3.213432 58.159410
DJI_0342.JPG 755513.805320 3279236.040969 41.368366 -3.173327 3.151601 59.635076
DJI_0343.JPG 755511.347936 3279239.005491 41.504444 -3.336733 2.944066 62.577144
DJI_0344.JPG 755510.213005 3279240.340995 41.406408 -3.087557 2.830709 61.833436
DJI_0345.JPG 755508.793357 3279241.772799 41.509397 -3.084622 3.234426 59.782865
DJI_0346.JPG 755507.437887 3279243.152335 41.482923 -3.288657 3.271106 60.108873
DJI_0347.JPG 755506.049687 3279244.476727 41.304409 -2.901332 2.891991 60.591869
DJI_0348.JPG 755504.631404 3279245.781031 41.364075 -2.718272 2.796069 59.381771
DJI_0349.JPG 755503.266196 3279247.242061 41.379500 -2.825965 2.737334 60.366805
DJI_0350.JPG 755501.900619 3279248.739391 41.320888 -2.802819 2.597344 59.920890
DJI_0351.JPG 755500.519380 3279250.235214 41.256163 -2.649228 2.900728 60.375408
DJI_0352.JPG 755499.151863 3279251.637212 41.278093 -2.620103 2.757698 60.589797
DJI_0353.JPG 755497.831608 3279252.991933 41.376652 -2.774312 2.611701 57.442935
DJI_0354.JPG 755496.433083 3279254.359044 41.508247 -2.350997 2.894378 46.291211
DJI_0355.JPG 755495.156580 3279255.684386 41.666852 -1.645200 3.255163 39.766224
DJI_0356.JPG 755493.857711 3279257.023800 41.662035 -2.086996 2.776675 49.378913
DJI_0357.JPG 755492.497138 3279258.303163 41.405133 -2.213903 2.698000 51.451494
DJI_0358.JPG 755491.178375 3279259.707441 41.401338 -2.299663 2.572555 54.386852
DJI_0359.JPG 755489.857340 3279261.161114 41.374141 -2.140257 2.723192 57.672369
DJI_0360.JPG 755488.611334 3279262.633778 41.423449 -2.123404 2.654741 55.093630
DJI_0361.JPG 755487.331291 3279264.192008 41.362595 -1.963178 2.591692 57.657237
DJI_0362.JPG 755485.921620 3279265.584198 41.305095 -2.098029 2.436531 56.406082
DJI_0363.JPG 755484.622797 3279266.963916 41.425334 -1.920757 2.312717 56.179397
DJI_0364.JPG 755483.300803 3279268.423626 41.369753 -1.780845 2.642036 54.930627
DJI_0365.JPG 755481.931759 3279269.731872 41.234438 -2.058175 2.699161 55.979061
DJI_0366.JPG 755480.576130 3279271.147430 41.161533 -2.172933 2.213932 61.461698
DJI_0367.JPG 755479.326924 3279272.434340 41.101576 -2.267081 2.474574 61.039831
DJI_0368.JPG 755476.454141 3279274.946088 40.620648 -1.944623 2.743921 60.840376
DJI_0369.JPG 755475.056179 3279276.179524 40.566926 -2.243339 2.306964 54.758646
DJI_0370.JPG 755473.550558 3279277.580818 40.416338 -2.329721 2.285386 50.241207
DJI_0371.JPG 755472.251425 3279278.887529 40.456504 -2.286252 2.291242 56.279667
DJI_0372.JPG 755470.829645 3279280.311015 40.441349 -2.249345 2.057882 57.739344
DJI_0373.JPG 755469.429168 3279281.666303 40.384934 -1.965028 1.795478 55.345393
DJI_0374.JPG 755468.131901 3279283.127965 40.723311 -1.948878 2.059520 56.935298
DJI_0375.JPG 755466.821038 3279284.545075 40.803854 -1.964530 1.072127 61.006584
DJI_0376.JPG 755464.832947 3279282.713302 40.804003 -2.756621 2.520656 -143.878183
DJI_0377.JPG 755466.072820 3279281.520798 40.703368 -0.769509 1.327446 -145.922954
DJI_0378.JPG 755467.439767 3279279.989383 40.597354 -0.407448 0.202322 -146.835302
DJI_0379.JPG 755468.681595 3279278.630186 40.633817 -0.061421 -0.727311 -147.152946
DJI_0380.JPG 755470.042639 3279277.291818 40.625607 0.214269 -1.096932 -147.361292
DJI_0381.JPG 755471.289021 3279275.648446 40.864329 0.188591 -2.960318 -139.869751
DJI_0382.JPG 755472.659972 3279274.461405 41.061816 -0.194742 -2.767554 -146.603996
DJI_0383.JPG 755474.062684 3279273.076178 41.310811 -0.236113 -3.344717 -146.738080
DJI_0384.JPG 755475.512623 3279271.591470 41.554074 0.470505 -3.566438 -142.045193
DJI_0385.JPG 755476.792522 3279270.376037 41.588495 -0.087927 -3.154441 -147.024906
DJI_0386.JPG 755478.065749 3279269.106072 41.462070 0.203569 -3.404418 -145.514918
DJI_0387.JPG 755479.505389 3279267.755886 41.342855 0.754778 -3.279094 -148.330368
DJI_0388.JPG 755480.828024 3279266.383646 41.073116 0.714496 -2.901790 -149.297445
DJI_0389.JPG 755482.109632 3279264.970977 41.035120 0.360350 -2.962150 -149.784855
DJI_0390.JPG 755483.408475 3279263.711653 40.932673 0.708770 -3.201350 -149.779574
DJI_0391.JPG 755484.817483 3279262.155878 40.921508 0.820959 -3.712986 -149.621805
DJI_0392.JPG 755486.056646 3279260.671407 40.723710 0.207794 -2.784414 -149.902259
DJI_0393.JPG 755487.309354 3279259.273700 40.787625 0.246650 -2.548205 -149.644346
DJI_0394.JPG 755488.715170 3279257.744808 40.779960 0.157486 -2.850550 -149.937593
DJI_0395.JPG 755490.125353 3279256.384810 40.657504 0.105454 -2.907077 -150.100487
DJI_0396.JPG 755491.423028 3279254.984201 40.761023 -0.039515 -2.582539 -149.782051
DJI_0397.JPG 755492.815260 3279253.564333 40.886714 -0.026259 -2.644115 -149.885563
DJI_0398.JPG 755494.240230 3279252.192538 40.686608 -0.084660 -2.259486 -150.188572
DJI_0399.JPG 755495.545523 3279250.892117 40.667000 0.444295 -2.351117 -150.488152
DJI_0400.JPG 755496.847466 3279249.292636 40.667238 -0.033457 -2.497694 -150.972640
DJI_0401.JPG 755498.322423 3279247.875635 40.651106 0.121653 -2.733782 -150.412037
DJI_0402.JPG 755499.673493 3279246.455194 40.937264 0.166984 -2.331466 -150.567970
DJI_0403.JPG 755501.127380 3279245.076852 41.063744 0.240468 -2.638802 -150.884643
DJI_0404.JPG 755502.351355 3279243.578207 40.932124 -0.010154 -2.824090 -149.423291
DJI_0405.JPG 755503.783468 3279242.169988 41.071170 0.111591 -2.941101 -147.269875
DJI_0406.JPG 755505.172369 3279240.692057 41.185200 2.331182 -3.481655 -126.147629
DJI_0407.JPG 755506.608026 3279239.411853 41.103246 1.453093 -3.175313 -135.388964
DJI_0408.JPG 755507.938568 3279237.981403 41.089877 2.279218 -3.343969 -129.235664
DJI_0409.JPG 755509.330634 3279236.732003 41.010628 1.149241 -2.785432 -140.942974
DJI_0410.JPG 755510.565855 3279235.334431 41.104299 0.389892 -2.506844 -148.212641
DJI_0411.JPG 755511.860863 3279233.778589 41.016040 0.449229 -2.996156 -145.801636
DJI_0412.JPG 755513.197020 3279232.370008 41.161962 1.534771 -3.100165 -133.264978
DJI_0413.JPG 755514.532845 3279230.972007 41.106280 1.414843 -2.981600 -135.520370
DJI_0414.JPG 755515.944628 3279229.447295 41.275687 1.616057 -2.812956 -136.105179
DJI_0415.JPG 755517.298142 3279228.221198 41.362415 1.284447 -2.626295 -136.899752
DJI_0416.JPG 755518.667411 3279227.007973 41.115195 0.935379 -2.562405 -142.500388
DJI_0417.JPG 755520.087094 3279225.634593 41.038432 0.362387 -2.328861 -149.545043
DJI_0418.JPG 755521.328148 3279224.220902 40.954562 0.244447 -2.418314 -149.663923
DJI_0419.JPG 755522.614661 3279222.817807 41.244876 0.385245 -2.503550 -149.782593
DJI_0420.JPG 755523.968379 3279221.462520 41.496912 0.218102 -2.483163 -148.705130
DJI_0421.JPG 755525.250473 3279220.034981 41.764294 0.139001 -2.800631 -149.402081
DJI_0422.JPG 755526.716072 3279218.941883 41.843324 0.964828 -2.302614 -150.693703
DJI_0423.JPG 755527.853683 3279217.569339 41.756491 0.475873 -2.263764 -150.890121
DJI_0424.JPG 755529.115408 3279215.982621 41.888992 -0.144116 -2.265405 -149.657221
DJI_0425.JPG 755530.461442 3279214.616258 42.007320 -0.243786 -1.965941 -150.530608
DJI_0426.JPG 755529.814344 3279211.330194 41.768439 -0.389180 -3.044408 57.412648
DJI_0427.JPG 755528.575479 3279212.676446 41.702552 -1.162955 -0.972045 55.971346
DJI_0428.JPG 755527.188938 3279214.224951 41.533076 -1.308328 0.496547 58.483489
DJI_0429.JPG 755525.934200 3279215.544181 41.284120 -2.697277 1.763382 58.540002
DJI_0430.JPG 755524.312942 3279216.832444 41.238922 -2.968136 1.944019 58.213602
DJI_0431.JPG 755522.918766 3279218.268987 41.281514 -2.472672 1.867690 57.602625
DJI_0432.JPG 755521.671419 3279219.658448 41.433208 -3.163361 2.580381 57.902534
DJI_0433.JPG 755520.266403 3279221.046637 41.528335 -2.802232 2.691609 57.480320
DJI_0434.JPG 755518.839265 3279222.420743 41.397797 -2.696716 2.639696 56.797374
DJI_0435.JPG 755517.499094 3279223.909791 41.196140 -3.041090 2.740841 58.509942
DJI_0436.JPG 755516.041588 3279225.279045 41.192549 -2.930178 3.016027 57.054302
DJI_0437.JPG 755514.786459 3279226.764511 41.111441 -2.826319 2.968312 59.570706
DJI_0438.JPG 755513.493536 3279228.121643 40.958136 -3.267562 3.280699 60.797562
DJI_0439.JPG 755512.100063 3279229.448539 40.997963 -3.291494 3.064812 57.027976
DJI_0440.JPG 755510.759573 3279230.866023 41.178528 -3.022146 3.002014 57.633806
DJI_0441.JPG 755509.415536 3279232.313204 40.975431 -2.934206 2.900544 57.470473
DJI_0442.JPG 755506.907468 3279235.298312 40.991436 -3.230936 2.758341 60.025163
DJI_0443.JPG 755505.590332 3279236.803018 40.763486 -2.832725 2.743483 60.617595
DJI_0444.JPG 755504.158873 3279238.069065 40.912716 -2.998565 2.728036 58.957022
DJI_0445.JPG 755502.794789 3279239.534153 40.823076 -2.605400 2.684211 60.085672
DJI_0446.JPG 755501.533135 3279240.926427 40.907880 -2.919447 2.956603 60.753344
DJI_0447.JPG 755500.140027 3279242.246837 41.003564 -2.724591 3.047686 55.788195
DJI_0448.JPG 755498.728014 3279243.609152 40.971526 -2.772756 2.700263 59.821730
DJI_0449.JPG 755497.404320 3279245.052949 41.006677 -2.865484 2.652732 60.447600
DJI_0450.JPG 755496.050512 3279246.354837 41.006472 -2.864673 2.377947 58.739326
DJI_0451.JPG 755494.677732 3279247.791306 40.957820 -2.655988 2.508405 56.062776
DJI_0452.JPG 755493.345718 3279249.088357 40.926239 -2.566982 2.506346 55.550834
DJI_0453.JPG 755491.947051 3279250.580891 40.880652 -2.609839 2.364958 54.429523
DJI_0454.JPG 755490.671203 3279251.905716 40.996935 -2.574890 2.038984 55.431931
DJI_0455.JPG 755489.252071 3279253.263587 41.066694 -2.366919 1.970581 55.101816
DJI_0456.JPG 755486.612271 3279256.063906 41.324601 -2.258136 2.269748 52.293357
DJI_0457.JPG 755485.153370 3279257.398914 41.364255 -2.270769 2.270286 55.681181
DJI_0458.JPG 755483.837096 3279258.848327 41.233622 -2.435975 2.191846 57.338460
DJI_0459.JPG 755482.422047 3279260.249294 41.178077 -2.372762 2.125431 55.493765
DJI_0460.JPG 755480.998478 3279261.596105 41.064260 -2.247731 2.207348 53.718312
DJI_0461.JPG 755479.675515 3279263.018900 41.037184 -1.549573 2.722294 39.803934
DJI_0462.JPG 755478.351329 3279264.421489 41.181935 -1.409008 2.662719 37.392824
DJI_0463.JPG 755477.020426 3279265.847434 41.015160 -1.001005 2.511743 36.844981
DJI_0464.JPG 755475.712976 3279267.215234 41.142114 -0.765428 2.564414 38.487909
DJI_0465.JPG 755474.389201 3279268.651945 41.217436 -0.999381 2.772505 38.043387
DJI_0466.JPG 755473.026533 3279270.060180 41.217121 -0.864873 2.747304 38.621573
DJI_0467.JPG 755471.715512 3279271.495563 41.163705 -0.368412 2.698021 39.330486
DJI_0468.JPG 755470.357485 3279272.891247 41.018990 -0.320329 2.821060 38.989585
DJI_0469.JPG 755469.020730 3279274.309590 40.925089 -0.722838 2.997228 38.592719
DJI_0470.JPG 755467.767036 3279275.694961 40.872194 -0.661987 2.930697 40.894068
DJI_0471.JPG 755466.457963 3279277.043551 41.015048 -0.955216 2.870823 41.221389
DJI_0472.JPG 755465.169285 3279278.429793 40.949041 -1.798511 2.351647 47.912418
DJI_0473.JPG 755463.863507 3279279.853604 40.933529 -1.852446 2.277751 52.940392
DJI_0474.JPG 755462.478657 3279281.295219 40.882264 -1.843088 2.081198 55.337446
DJI_0475.JPG 755460.358103 3279279.579539 40.999215 -2.458329 3.426548 -143.588657
DJI_0476.JPG 755461.594795 3279278.222371 40.831143 -0.393829 1.543430 -145.859422
DJI_0477.JPG 755462.833999 3279276.713820 40.854289 -0.408007 0.124237 -146.022597
DJI_0478.JPG 755464.196526 3279275.175988 40.883957 -0.086788 -0.891358 -145.513188
DJI_0479.JPG 755465.498431 3279273.872025 41.043578 -0.201556 -1.608609 -146.620232
DJI_0480.JPG 755466.909523 3279272.546778 41.020719 0.443816 -2.142955 -140.720122
DJI_0481.JPG 755468.071332 3279271.101375 40.996553 0.173334 -2.673588 -143.503977
DJI_0482.JPG 755469.292239 3279269.667549 40.967427 1.273681 -3.588934 -133.011867
DJI_0483.JPG 755470.914357 3279268.568169 40.908816 0.894026 -2.329579 -146.472863
DJI_0484.JPG 755472.211181 3279267.033356 40.648117 0.472979 -2.531675 -148.241445
DJI_0485.JPG 755473.414589 3279265.595258 40.640564 -0.103637 -2.467569 -148.682103
DJI_0486.JPG 755474.808313 3279264.143901 40.580695 -0.064053 -2.802741 -149.438417
DJI_0487.JPG 755477.638639 3279261.430170 40.187941 0.812367 -2.564694 -150.102838
DJI_0488.JPG 755478.784069 3279259.875277 40.494051 -0.401802 -2.520264 -149.800163
DJI_0489.JPG 755480.249366 3279258.369072 40.711746 0.146552 -2.613710 -149.515874
DJI_0490.JPG 755481.505887 3279256.935171 40.829812 -0.160497 -2.507176 -149.880557
DJI_0491.JPG 755482.854573 3279255.580093 40.947891 0.039624 -2.343564 -150.281846
DJI_0492.JPG 755484.245574 3279254.219552 41.021576 0.219346 -2.687058 -150.375320
DJI_0493.JPG 755485.639772 3279252.793753 41.056447 -0.012257 -2.535651 -150.239976
DJI_0494.JPG 755486.961569 3279251.337549 40.969951 0.060474 -2.584375 -149.639814
DJI_0495.JPG 755488.304065 3279249.945846 40.789790 -0.098856 -2.018274 -149.803489
DJI_0496.JPG 755489.716988 3279248.587646 40.678902 0.420807 -1.976749 -150.332562
DJI_0497.JPG 755490.871860 3279247.038442 40.716595 0.261302 -3.030380 -149.357653
DJI_0498.JPG 755492.228316 3279245.755352 40.847314 0.072118 -1.944423 -150.246778
DJI_0499.JPG 755493.600060 3279244.448326 40.999239 -0.023333 -1.826255 -150.148048
DJI_0500.JPG 755494.899849 3279243.073391 40.900279 -0.061224 -1.741849 -149.953866
DJI_0501.JPG 755496.215321 3279241.607686 40.967861 0.138004 -1.933074 -149.747717
DJI_0502.JPG 755497.488863 3279240.116210 41.018262 -0.120512 -1.835462 -149.795851
DJI_0503.JPG 755498.880910 3279238.675469 41.122991 -0.192658 -2.092058 -150.385768
DJI_0504.JPG 755500.387070 3279237.372214 41.182788 0.165599 -1.497563 -150.262866
DJI_0505.JPG 755501.766382 3279236.025119 41.144469 0.545586 -1.344518 -150.840241
DJI_0506.JPG 755503.146573 3279234.540139 41.311700 0.096665 -1.759969 -150.450665
DJI_0507.JPG 755504.557206 3279233.173427 41.278899 0.300524 -1.757623 -150.774210
DJI_0508.JPG 755505.875479 3279231.823961 41.284008 0.218059 -1.805475 -150.621712
DJI_0509.JPG 755507.289758 3279230.447141 41.313446 -0.180377 -1.809834 -150.901950
DJI_0510.JPG 755509.982866 3279227.573938 40.936798 -0.145462 -2.253131 -150.590325
DJI_0511.JPG 755512.777551 3279224.509611 40.961926 0.137154 -2.363174 -150.662000
DJI_0512.JPG 755514.099364 3279223.081236 41.001644 -0.070052 -2.129191 -150.799388
DJI_0513.JPG 755515.422105 3279221.483187 41.070273 -0.141041 -2.186494 -150.649324
DJI_0514.JPG 755516.781860 3279220.053905 41.250190 0.550675 -2.769757 -150.423417
DJI_0515.JPG 755518.133245 3279218.705387 41.360665 0.727672 -2.615475 -150.690719
DJI_0516.JPG 755519.463814 3279217.254837 41.452100 0.013322 -2.726287 -150.899086
DJI_0517.JPG 755520.760053 3279215.706090 41.366961 0.183013 -2.770053 -150.655959
DJI_0518.JPG 755522.136708 3279214.234442 41.481116 -0.235998 -2.809816 -150.486839
DJI_0519.JPG 755523.657834 3279212.784782 41.593466 -0.250365 -2.190618 -150.819273
DJI_0520.JPG 755524.969167 3279211.310175 41.676508 -0.234241 -2.250107 -150.792581
DJI_0521.JPG 755527.547361 3279208.572335 41.827071 -0.012118 -2.750602 -150.866296
DJI_0522.JPG 755525.618007 3279206.627448 41.570445 -1.019815 -2.793900 51.312632
DJI_0523.JPG 755524.364936 3279207.667582 41.426763 -1.463861 -0.393963 47.215425
DJI_0524.JPG 755523.018608 3279209.092139 41.203120 -1.766091 0.944215 46.249799
DJI_0525.JPG 755521.734517 3279210.502558 41.095559 -1.890897 1.751351 46.012745
DJI_0526.JPG 755520.388072 3279211.818588 40.982155 -1.696931 1.981348 46.000905
DJI_0527.JPG 755519.125654 3279213.295823 40.974153 -1.995746 2.295527 50.213344
DJI_0528.JPG 755517.906592 3279214.764094 41.042443 -2.202591 2.695876 53.547502
DJI_0529.JPG 755516.525813 3279216.130405 41.149097 -2.149622 2.871607 51.974717
DJI_0530.JPG 755515.095422 3279217.535263 41.182632 -2.119276 2.968809 47.752536
DJI_0531.JPG 755513.807437 3279219.035427 41.029932 -2.376920 3.119906 51.773333
DJI_0532.JPG 755512.524560 3279220.578773 41.011146 -2.994451 3.176856 57.709888
DJI_0533.JPG 755511.151687 3279221.931344 40.915117 -2.874517 3.171264 57.666083
DJI_0534.JPG 755509.755819 3279223.412638 40.859057 -2.980795 2.956887 58.653667
DJI_0535.JPG 755506.883164 3279226.061899 40.621040 -3.203626 2.859406 53.819322
DJI_0536.JPG 755505.646119 3279227.387638 40.558141 -3.379758 2.887476 55.657875
DJI_0537.JPG 755504.481739 3279228.805128 40.672630 -3.277059 3.107393 59.486710
DJI_0538.JPG 755503.096309 3279230.165068 40.628055 -3.068821 2.948370 60.722660
DJI_0539.JPG 755501.880054 3279231.536647 40.730955 -3.429736 2.545977 61.095868
DJI_0540.JPG 755500.539247 3279233.051677 40.699747 -3.075631 2.512207 59.735203
DJI_0541.JPG 755498.988607 3279234.433982 40.427171 -3.040966 2.122515 61.607655
DJI_0542.JPG 755496.414465 3279237.083321 40.474187 -2.754134 2.552679 59.948340
DJI_0543.JPG 755495.140409 3279238.468708 40.480677 -2.975540 2.332049 60.538762
DJI_0544.JPG 755493.664265 3279239.880509 40.436186 -2.691072 2.194508 61.563873
DJI_0545.JPG 755492.390262 3279241.293678 40.505768 -2.919397 2.318619 60.399455
DJI_0546.JPG 755491.211101 3279242.761272 40.403550 -3.133055 2.063223 61.471910
DJI_0547.JPG 755489.773194 3279244.125695 40.340884 -3.070948 1.968176 61.943746
DJI_0548.JPG 755488.491082 3279245.643106 40.348890 -2.994184 2.132826 62.795046
DJI_0549.JPG 755487.040472 3279246.996567 40.293122 -2.857943 2.206349 63.234888
DJI_0550.JPG 755485.746346 3279248.531203 40.356838 -3.194586 2.134496 62.101410
DJI_0551.JPG 755484.358236 3279249.763238 40.421980 -2.890113 2.386456 59.692586
DJI_0552.JPG 755483.140119 3279251.305622 40.484858 -2.920913 2.086755 61.696090
DJI_0553.JPG 755481.851158 3279252.711814 40.398944 -2.762577 1.809541 62.808852
DJI_0554.JPG 755480.499119 3279254.198953 40.097361 -2.683958 2.335064 62.175959
DJI_0555.JPG 755479.139574 3279255.420800 40.139295 -2.567408 2.070829 62.224640
DJI_0556.JPG 755477.880954 3279256.691073 40.311500 -2.614825 2.243659 62.326464
DJI_0557.JPG 755476.492171 3279258.068184 40.250870 -2.549342 2.016779 62.759296
DJI_0558.JPG 755475.112812 3279259.448862 40.237934 -2.579096 1.786126 63.069296
DJI_0559.JPG 755473.705543 3279260.881921 40.094092 -2.134407 1.792862 61.768192
DJI_0560.JPG 755472.345104 3279262.213746 40.080071 -2.539839 1.675763 62.497647
DJI_0561.JPG 755470.898939 3279263.596421 40.144986 -2.813643 1.581575 61.741034
DJI_0562.JPG 755469.684678 3279265.007720 40.305251 -2.757382 1.590703 61.816168
DJI_0563.JPG 755468.366885 3279266.294424 40.419884 -1.592174 2.600745 62.028588
DJI_0564.JPG 755467.089655 3279267.703373 40.554958 -2.083233 2.354264 61.694694
DJI_0565.JPG 755465.746894 3279269.304677 40.590784 -2.614716 2.023591 62.063515
DJI_0566.JPG 755464.324626 3279270.714472 40.606320 -2.599569 1.621392 62.428539
DJI_0567.JPG 755462.960756 3279272.105488 40.542538 -2.676677 1.637744 61.882504
DJI_0568.JPG 755461.631091 3279273.605506 40.638283 -2.437508 1.444124 61.364541
DJI_0569.JPG 755460.241934 3279275.076517 40.714020 -2.262839 1.734322 60.037486
DJI_0570.JPG 755458.957305 3279276.440359 40.655663 -2.114378 1.441561 60.154799
DJI_0571.JPG 755456.877359 3279274.684650 40.447274 -3.485244 3.407518 -143.535460
DJI_0572.JPG 755457.839334 3279273.391225 40.484614 0.328248 -0.089770 -119.978818
DJI_0573.JPG 755459.232041 3279271.936015 40.656800 0.483927 -0.792156 -130.533579
DJI_0574.JPG 755460.543654 3279270.530614 40.760555 0.235853 -1.101075 -140.622242
DJI_0575.JPG 755461.939709 3279269.195490 40.665265 -0.106291 -1.388882 -146.470103
DJI_0576.JPG 755463.231559 3279267.814671 40.569707 -0.325001 -2.083241 -145.876797
DJI_0577.JPG 755464.515667 3279266.332102 40.640168 -0.100675 -2.750944 -142.469616
DJI_0578.JPG 755465.821337 3279265.039695 40.739938 0.012832 -2.368624 -145.651177
DJI_0579.JPG 755467.093355 3279263.708493 40.686577 -0.026768 -3.186636 -144.351648
DJI_0580.JPG 755468.433335 3279262.260060 40.593981 0.230986 -3.082756 -144.398086
DJI_0581.JPG 755469.618093 3279260.681073 40.665903 1.753901 -3.664652 -131.136101
DJI_0582.JPG 755470.960767 3279259.498300 40.568506 0.464197 -3.184616 -145.166361
DJI_0583.JPG 755472.340245 3279258.031474 40.530774 0.198856 -3.250329 -147.125754
DJI_0584.JPG 755473.606469 3279256.569323 40.445852 0.571638 -2.853708 -144.966477
DJI_0585.JPG 755474.901024 3279255.211479 40.332443 1.955345 -3.475161 -135.404771
DJI_0586.JPG 755476.232838 3279253.904469 40.281743 0.472822 -2.762444 -149.423777
DJI_0587.JPG 755477.567471 3279252.390738 40.181600 0.521600 -3.171792 -147.954429
DJI_0588.JPG 755478.955971 3279250.892010 40.227695 -0.057975 -2.368748 -149.987896
DJI_0589.JPG 755480.304047 3279249.419747 39.990439 0.074305 -2.576962 -149.316926
DJI_0590.JPG 755481.701879 3279248.089497 39.904903 0.443592 -2.252949 -149.731484
DJI_0591.JPG 755482.995653 3279246.467975 39.783046 0.068245 -2.741237 -148.981570
DJI_0592.JPG 755484.113152 3279244.763183 39.887319 1.836761 -3.963529 -129.237533
DJI_0593.JPG 755485.552708 3279243.568218 39.888323 1.351918 -3.652746 -133.630913
DJI_0594.JPG 755486.951160 3279242.004470 39.933356 1.784249 -3.400848 -133.301640
DJI_0595.JPG 755488.303733 3279240.574345 40.046154 1.896137 -3.328371 -132.841831
DJI_0596.JPG 755489.706315 3279239.157708 40.143923 1.952229 -3.319830 -132.349974
DJI_0597.JPG 755491.175973 3279237.786140 40.192847 2.082460 -2.870957 -132.445991
DJI_0598.JPG 755492.502246 3279236.441348 40.155410 2.119326 -2.789098 -132.137183
DJI_0599.JPG 755493.838361 3279235.058967 40.228270 2.439330 -2.664949 -130.876372
DJI_0600.JPG 755495.187397 3279233.652141 40.127425 2.306760 -2.833923 -130.865874
DJI_0601.JPG 755496.440542 3279232.337049 40.073066 2.236276 -3.037989 -131.170500
DJI_0602.JPG 755497.801504 3279230.958104 40.153869 2.123042 -2.776294 -132.258843
DJI_0603.JPG 755499.156780 3279229.606545 39.993246 2.208861 -2.747772 -131.195680
DJI_0604.JPG 755500.567272 3279228.259417 39.939687 2.135513 -2.757575 -132.208235
DJI_0605.JPG 755501.944799 3279226.961638 39.863074 1.592564 -2.472098 -137.606503
DJI_0606.JPG 755503.200217 3279225.531935 39.877129 2.643527 -2.899325 -125.767621
DJI_0607.JPG 755504.622467 3279224.188654 39.744054 2.715136 -2.908625 -124.569653
DJI_0608.JPG 755505.980373 3279222.889207 39.773392 2.583375 -2.783457 -125.842575
DJI_0609.JPG 755509.093531 3279219.730536 39.883156 3.065767 0.009027 -140.993322
DJI_0610.JPG 755510.444586 3279218.263539 39.924384 3.579669 -0.147270 -135.825180
DJI_0611.JPG 755511.777890 3279216.855780 40.003406 2.915283 -0.187311 -139.158475
DJI_0612.JPG 755513.227219 3279215.162291 39.963563 4.314595 -0.314246 -125.400283
DJI_0613.JPG 755514.522494 3279213.838884 39.730198 3.669509 -0.408788 -130.549155
DJI_0614.JPG 755515.978071 3279212.340174 39.755492 3.545768 -0.203258 -132.842131
DJI_0615.JPG 755517.244122 3279210.907168 39.638215 3.456921 -0.516397 -130.237480
DJI_0616.JPG 755517.870100 3279209.973269 39.619461 0.297529 -5.599599 -125.966687
DJI_0617.JPG 755519.431722 3279208.544607 39.639200 -0.722684 -3.136386 -150.616350
DJI_0618.JPG 755520.593295 3279207.122738 39.622650 1.735827 -3.892984 -125.344119
DJI_0619.JPG 755521.880511 3279205.733362 39.490425 1.679409 -3.771538 -125.636518
DJI_0620.JPG 755523.149972 3279204.398162 39.682760 1.417790 -3.387768 -126.528963
DJI_0621.JPG 755521.278129 3279202.482382 39.596765 -1.750304 -3.349315 48.505964
DJI_0622.JPG 755520.022942 3279203.655778 39.481662 -1.232482 -0.686774 31.644883
DJI_0623.JPG 755518.698989 3279205.123769 39.571047 -1.545529 0.589349 31.716193
DJI_0624.JPG 755517.385436 3279206.597654 39.646867 -1.707442 1.241140 32.479339
DJI_0625.JPG 755515.045448 3279209.108298 39.262954 0.381706 5.689229 34.026215
DJI_0626.JPG 755513.805924 3279210.528484 39.368548 0.711277 6.398662 34.449679
DJI_0627.JPG 755512.464844 3279211.861944 39.476888 0.522513 6.635571 34.661489
DJI_0628.JPG 755510.648764 3279213.538781 39.725184 -1.201463 3.594496 34.494723
DJI_0629.JPG 755509.346406 3279214.777391 39.767902 -1.414889 3.639728 34.961573
DJI_0630.JPG 755507.999026 3279216.137400 39.817969 -1.433643 3.703409 35.571202
DJI_0631.JPG 755506.738244 3279217.489048 39.798815 -1.102065 3.983439 35.040933
DJI_0632.JPG 755505.395825 3279218.896567 39.784911 -1.451333 3.856191 35.789162
DJI_0633.JPG 755504.174840 3279220.275584 39.844848 0.992436 5.536944 35.601317
DJI_0634.JPG 755502.803446 3279221.667396 39.926626 0.062345 4.937417 36.004481
DJI_0635.JPG 755501.515318 3279223.105866 39.960452 0.961161 5.338947 36.519455
DJI_0636.JPG 755500.187228 3279224.583342 39.841238 -0.057779 5.254265 36.008831
DJI_0637.JPG 755498.925997 3279226.002923 39.829274 -0.314285 4.920938 36.664812
DJI_0638.JPG 755497.662519 3279227.430008 39.810676 -0.890780 4.439479 37.099257
DJI_0639.JPG 755496.257571 3279228.875029 39.742520 -1.204531 4.347204 37.366585
DJI_0640.JPG 755494.914732 3279230.358466 39.815849 -1.339768 4.112764 40.392360
DJI_0641.JPG 755493.505554 3279231.812208 39.767450 -2.462194 3.363906 45.405380
DJI_0642.JPG 755492.221822 3279233.097300 39.806777 -2.508284 3.122150 46.426512
DJI_0643.JPG 755490.901896 3279234.589468 39.783991 -3.045820 2.710735 57.646382
DJI_0644.JPG 755489.778434 3279236.123213 39.430326 -4.511103 3.621455 62.077867
DJI_0645.JPG 755488.221161 3279237.569835 39.066767 -3.890369 2.104045 63.451891
DJI_0646.JPG 755486.781856 3279238.660866 38.951639 -2.833700 2.540882 62.287738
DJI_0647.JPG 755485.249089 3279240.078387 38.914421 -2.959378 1.644449 64.026785
DJI_0648.JPG 755483.898858 3279241.425279 39.092455 -3.379598 1.756233 59.885632
DJI_0649.JPG 755482.664471 3279242.801733 39.157519 -3.094144 1.303523 61.397523
DJI_0650.JPG 755481.314454 3279244.065141 39.228467 -2.934622 1.437334 61.402187
DJI_0651.JPG 755479.912947 3279245.300707 39.357993 -3.531820 3.422834 36.532370
DJI_0652.JPG 755478.592721 3279246.735018 39.447772 -3.124985 1.643399 56.334312
DJI_0653.JPG 755477.579214 3279248.237075 39.477301 -3.019032 1.000686 63.891646
DJI_0654.JPG 755476.277489 3279249.759880 39.302933 -2.266274 1.174203 62.333670
DJI_0655.JPG 755474.958601 3279251.191359 39.340312 -2.627942 1.295273 62.958638
DJI_0656.JPG 755472.846018 3279253.426427 39.434351 2.590793 5.785986 59.478321
DJI_0661.JPG 755464.802955 3279260.959051 40.531074 -6.818324 -3.374980 58.796937
DJI_0662.JPG 755463.106069 3279262.417338 40.377015 -7.081597 -3.486232 54.512930
DJI_0663.JPG 755461.788577 3279263.913639 40.308207 -6.844453 -3.295562 56.173024
DJI_0664.JPG 755460.266532 3279265.483262 40.145891 -7.052980 -3.859410 57.556876
DJI_0665.JPG 755459.124640 3279266.918647 40.087179 -6.410883 -2.333895 54.890244
DJI_0666.JPG 755457.996047 3279268.358148 39.981067 -6.031573 -3.054231 58.177935
DJI_0667.JPG 755457.961958 3279268.212721 43.000962 -1.492451 4.818863 37.148170
DJI_0668.JPG 755455.538503 3279270.714477 42.550396 -2.205712 2.142280 61.051096
DJI_0669.JPG 755453.122277 3279269.038398 42.580848 -2.553868 3.959172 -145.186441
DJI_0670.JPG 755454.065415 3279267.572053 43.072128 -0.545332 1.680736 -147.276288
DJI_0671.JPG 755455.309385 3279266.304528 43.074670 -0.576913 0.152433 -148.657672
DJI_0672.JPG 755456.675130 3279264.910584 42.850968 -0.018131 -1.801151 -138.644295
DJI_0673.JPG 755459.466959 3279262.349039 42.807127 -0.157606 -2.479559 -149.003387
DJI_0674.JPG 755460.806153 3279260.750143 42.752520 2.173712 -3.478278 -129.376585
DJI_0675.JPG 755462.127415 3279259.343351 42.847113 1.976045 -3.475869 -134.047710
DJI_0676.JPG 755463.379536 3279257.987877 42.583592 1.770588 -4.480304 -132.798149
DJI_0677.JPG 755464.740304 3279256.615373 42.610244 1.596833 -4.374754 -135.513160
DJI_0678.JPG 755465.928982 3279255.164754 42.674465 1.226095 -4.256060 -139.129755
DJI_0679.JPG 755467.237247 3279253.921432 42.649699 1.543929 -4.110861 -137.694675
DJI_0680.JPG 755468.577885 3279252.525860 42.297508 2.500239 -4.461145 -129.163688
DJI_0681.JPG 755469.823620 3279251.402556 42.048540 2.132920 -4.124230 -133.716527
DJI_0682.JPG 755471.200850 3279249.883759 42.113540 2.849970 -4.332066 -126.951558
DJI_0683.JPG 755472.383013 3279248.723198 42.004792 2.933729 -4.107210 -128.101296
DJI_0684.JPG 755473.706929 3279247.516230 41.769521 3.110766 -3.861762 -127.880805
DJI_0685.JPG 755475.129593 3279246.078498 41.664341 2.822237 -3.510204 -130.780998
DJI_0686.JPG 755476.542716 3279244.608738 41.765355 2.530524 -3.505037 -137.415787
DJI_0687.JPG 755477.863706 3279243.087302 41.643195 2.312421 -3.372704 -138.390609
DJI_0688.JPG 755479.163993 3279241.613571 41.754398 1.994914 -3.308461 -140.241679
DJI_0689.JPG 755480.564221 3279240.094500 41.674895 0.895107 -2.921221 -149.318542
DJI_0690.JPG 755481.970122 3279238.544792 41.789875 0.355224 -3.040319 -149.521761
DJI_0691.JPG 755483.397308 3279236.927552 41.657845 0.195183 -3.087327 -149.126984
DJI_0692.JPG 755484.851443 3279235.439090 41.674523 0.043877 -3.073166 -150.568542
DJI_0693.JPG 755486.294766 3279233.879906 41.616833 0.158837 -3.634062 -150.032986
DJI_0694.JPG 755487.741477 3279232.527797 41.774489 0.092394 -3.317825 -150.465765
DJI_0695.JPG 755489.043168 3279231.262553 41.951862 0.296410 -3.229513 -150.593812
DJI_0696.JPG 755490.347328 3279229.997747 41.794446 0.252727 -3.159169 -150.322195
DJI_0697.JPG 755491.588367 3279228.607299 41.578759 -0.175099 -3.039307 -150.837014
DJI_0698.JPG 755492.773779 3279227.462483 41.417872 -0.142699 -2.823071 -150.525884
DJI_0699.JPG 755494.080042 3279226.016144 41.527324 -0.257565 -2.829920 -150.931638
DJI_0700.JPG 755495.562023 3279224.387976 41.482848 0.390077 -2.810129 -150.526501
DJI_0701.JPG 755496.771566 3279222.945945 41.376890 0.178072 -2.768884 -150.746511
DJI_0702.JPG 755498.029345 3279221.607362 41.256467 -0.092190 -2.535923 -151.285625
DJI_0703.JPG 755499.291252 3279220.359084 41.182178 -0.277358 -2.573859 -150.497901
DJI_0704.JPG 755500.670818 3279218.951192 41.377013 -0.492209 -2.752369 -150.661259
DJI_0705.JPG 755501.999292 3279217.569107 41.467403 -0.611933 -2.636022 -151.167262
DJI_0706.JPG 755503.388214 3279216.062589 41.523466 -1.066861 -2.711781 -151.168242
DJI_0707.JPG 755504.640146 3279214.842923 41.579565 -1.224296 -2.854290 -151.221727
DJI_0708.JPG 755507.317339 3279212.190356 41.456510 -0.815676 -2.520210 -151.212305
DJI_0709.JPG 755508.728219 3279210.849019 41.429291 -0.617164 -2.321753 -151.671671
DJI_0710.JPG 755510.037542 3279209.433172 41.232795 -0.505038 -2.293560 -152.069899
DJI_0711.JPG 755511.457420 3279207.763433 41.280718 -0.909604 -2.588406 -151.937693
DJI_0712.JPG 755512.784230 3279206.340389 41.215475 -0.121171 -2.582930 -151.605929
DJI_0713.JPG 755513.839698 3279205.048877 41.106772 -0.693906 -2.329800 -152.466919
DJI_0714.JPG 755515.263664 3279203.618565 41.113032 -0.350155 -2.735447 -151.489796
DJI_0715.JPG 755516.574001 3279202.129490 41.291738 -0.547894 -2.367669 -151.275717
DJI_0716.JPG 755517.970291 3279200.796012 41.216201 -0.461731 -2.340279 -151.601215
DJI_0717.JPG 755519.371080 3279199.460160 41.257531 -0.006420 -2.948352 -151.836337
DJI_0718.JPG 755517.333553 3279197.764105 41.145198 -1.376751 -3.237106 47.861863
DJI_0719.JPG 755516.149102 3279199.162558 41.085378 -1.293921 -0.383412 46.473852
DJI_0720.JPG 755515.092719 3279200.694154 41.244521 -1.938274 0.646498 55.516432
DJI_0721.JPG 755514.043711 3279202.033249 40.764074 -2.633453 2.264816 57.348969
DJI_0722.JPG 755509.923652 3279206.090823 40.584120 -3.102063 2.372998 55.244281
DJI_0723.JPG 755508.639440 3279207.352934 40.634711 -2.749251 2.682933 52.978683
DJI_0724.JPG 755507.383431 3279208.880356 40.482244 -3.035213 3.096687 56.439986
DJI_0725.JPG 755505.997696 3279210.207642 40.490490 -2.907646 3.079177 57.477750
DJI_0726.JPG 755504.557707 3279211.494986 40.677833 -3.569874 3.097064 56.259150
DJI_0727.JPG 755503.276882 3279213.094510 40.462112 -3.285778 3.465527 58.621192
DJI_0728.JPG 755501.953051 3279214.475209 40.403469 -3.026701 3.493887 52.837709
DJI_0729.JPG 755500.640977 3279215.816166 40.639630 -2.982773 3.492609 51.074864
DJI_0730.JPG 755499.441352 3279217.200596 40.809749 -3.702731 3.833272 59.261028
DJI_0731.JPG 755498.104477 3279218.664385 40.739344 -3.546987 3.496219 60.221309
DJI_0732.JPG 755496.854222 3279220.148960 40.579543 -3.194600 3.269532 59.562569
DJI_0733.JPG 755494.216264 3279222.392148 40.242111 -3.129553 3.317792 60.630830
DJI_0734.JPG 755492.796370 3279223.697538 40.299893 -3.448065 3.078554 59.958648
DJI_0735.JPG 755491.324834 3279225.085591 40.294865 -2.727157 3.033990 56.831908
DJI_0736.JPG 755490.085485 3279226.586740 40.210416 -3.256604 2.843109 60.619882
DJI_0737.JPG 755488.563362 3279227.883779 40.272212 -2.803597 2.490510 60.842788
DJI_0738.JPG 755487.249436 3279229.309852 40.163183 -3.187015 2.296452 61.082477
DJI_0739.JPG 755485.730349 3279230.850365 40.030689 -3.224484 2.407842 60.993113
DJI_0740.JPG 755484.432235 3279232.050739 39.907398 -2.888152 2.226515 60.870477
DJI_0741.JPG 755483.161578 3279233.304268 40.078008 -3.093971 2.441569 59.771582
DJI_0742.JPG 755481.983856 3279234.923973 40.215274 -3.147403 3.313848 61.142504
DJI_0743.JPG 755480.590544 3279236.361296 40.114978 -2.836749 3.050496 60.665015
DJI_0744.JPG 755479.138459 3279237.728021 40.302478 -2.809034 2.532098 60.700023
DJI_0745.JPG 755478.060700 3279239.243074 40.178991 -2.868892 2.527427 60.476306
DJI_0746.JPG 755476.588508 3279240.655466 40.055246 -2.990058 2.441149 60.973177
DJI_0747.JPG 755475.282939 3279242.044751 39.962069 -2.485707 2.145947 61.592625
DJI_0748.JPG 755474.040207 3279243.375487 39.781265 -2.476242 2.183070 61.588193
DJI_0749.JPG 755472.656844 3279244.533964 39.987417 -3.051179 2.138242 60.367951
DJI_0750.JPG 755471.195643 3279245.984811 40.117789 -3.648026 2.473227 60.688235
DJI_0751.JPG 755469.887097 3279247.647311 40.158706 -2.485699 1.866842 59.604517
DJI_0752.JPG 755468.669503 3279248.877782 40.162348 -2.121371 1.875501 59.629547
DJI_0753.JPG 755467.300625 3279250.356939 40.079282 -2.854070 1.587355 60.091415
DJI_0754.JPG 755466.106941 3279251.668760 40.119379 -2.782711 1.662706 61.052173
DJI_0755.JPG 755464.684607 3279253.174179 40.270419 -3.540714 1.774640 61.357878
DJI_0756.JPG 755463.313911 3279254.624192 40.167549 -2.904898 2.104797 61.475826
DJI_0757.JPG 755461.810779 3279255.859644 40.218095 -2.815549 1.755572 61.478050
DJI_0758.JPG 755459.221535 3279258.788701 40.733328 -2.690522 2.020546 61.364919
DJI_0759.JPG 755457.833353 3279260.176513 40.855955 -2.882792 1.895888 61.327967
DJI_0760.JPG 755456.365529 3279261.616192 40.944599 -2.786216 1.802930 61.398899
DJI_0761.JPG 755455.104845 3279262.944006 40.978172 -3.080480 2.080744 61.462033
DJI_0762.JPG 755453.634707 3279264.321959 41.066511 -3.323608 2.118616 61.196535
DJI_0763.JPG 755452.360969 3279265.884381 40.959093 -2.719008 1.780189 60.646766
DJI_0764.JPG 755450.958067 3279267.269971 41.049981 -2.493944 1.406076 62.140746
DJI_0765.JPG 755448.730503 3279265.564652 41.029239 -0.616015 3.908000 -134.288672
DJI_0766.JPG 755449.798688 3279264.192202 41.152525 -0.551928 1.867482 -148.140429
DJI_0767.JPG 755451.227437 3279262.924410 41.161394 -0.084488 0.164342 -147.990691
DJI_0768.JPG 755452.442684 3279261.501987 41.267816 -0.270372 -0.457538 -148.515219
DJI_0769.JPG 755453.707105 3279260.094096 41.311370 -0.163686 -0.804694 -148.578903
DJI_0770.JPG 755455.002843 3279258.654079 41.220914 0.256984 -1.474822 -148.579646
DJI_0771.JPG 755456.225791 3279257.272773 41.186539 0.350265 -1.669984 -149.083524
DJI_0772.JPG 755459.024597 3279254.466802 41.175847 0.579422 -2.029550 -149.984758
DJI_0773.JPG 755460.244064 3279253.002767 41.124565 0.421098 -2.168946 -149.661297
DJI_0774.JPG 755462.846156 3279250.279560 41.034241 0.637650 -2.540655 -150.514014
DJI_0775.JPG 755464.195848 3279248.847996 41.126837 0.743286 -2.444006 -150.921990
DJI_0776.JPG 755465.525865 3279247.493881 41.012234 0.144834 -1.929155 -151.396286
DJI_0777.JPG 755466.863495 3279246.161453 40.910997 0.616871 -2.218768 -150.825111
DJI_0778.JPG 755468.285844 3279244.699877 40.765273 0.122344 -2.274283 -150.956022
DJI_0779.JPG 755469.449911 3279243.101396 40.880441 -0.096373 -2.127041 -151.605288
DJI_0780.JPG 755470.813483 3279241.489396 41.183212 -0.303697 -3.483387 -150.724399
DJI_0781.JPG 755472.176049 3279240.424434 41.207005 0.049851 -2.872082 -151.126593
DJI_0782.JPG 755474.830047 3279237.873722 41.104614 -0.038000 -2.605639 -152.176165
DJI_0783.JPG 755476.227688 3279236.570333 41.057168 0.122453 -2.167546 -152.142717
DJI_0784.JPG 755477.562211 3279235.280635 41.088628 -0.027276 -1.797430 -152.260543
DJI_0785.JPG 755478.825510 3279233.992930 41.059666 0.865641 -2.575547 -151.277805
DJI_0786.JPG 755480.043966 3279232.603531 41.128940 0.175868 -2.207515 -152.097297
DJI_0787.JPG 755481.433571 3279231.183756 41.163809 0.379768 -2.799855 -151.226617
DJI_0788.JPG 755482.789794 3279229.858761 41.156882 0.434726 -1.605573 -151.914634
DJI_0789.JPG 755484.123978 3279228.410981 41.132318 -0.321746 -1.415267 -153.046750
DJI_0790.JPG 755485.352762 3279226.878698 41.158908 -0.469618 -2.016287 -152.670951
DJI_0791.JPG 755486.756175 3279225.412019 41.315255 0.023586 -2.428270 -152.816036
DJI_0792.JPG 755488.080827 3279224.119517 41.231765 -0.591734 -1.756702 -152.522268
DJI_0793.JPG 755489.410590 3279222.697121 41.323312 -0.585759 -1.946622 -152.205362
DJI_0794.JPG 755490.975658 3279221.462719 41.273191 -0.274127 -1.439325 -153.112191
DJI_0795.JPG 755492.379677 3279219.871446 41.314689 0.132060 -2.011714 -152.299583
DJI_0796.JPG 755493.546651 3279218.422851 41.172964 -0.278113 -2.125141 -152.454447
DJI_0797.JPG 755494.943276 3279216.876221 41.162169 -0.885416 -1.647931 -153.138978
DJI_0798.JPG 755496.463434 3279215.596705 41.214777 0.072372 -1.482525 -153.300484
DJI_0799.JPG 755497.821249 3279214.091168 41.265276 -0.208362 -1.548662 -152.879934
DJI_0800.JPG 755498.928487 3279212.734202 41.207284 -1.160552 -0.982053 -152.741925
DJI_0801.JPG 755500.335908 3279211.281623 41.350596 -0.200077 -1.965715 -153.226958
DJI_0802.JPG 755501.802592 3279209.834441 41.329050 -0.222765 -1.914360 -153.208014
DJI_0803.JPG 755503.101232 3279208.596173 41.187481 -0.124753 -1.307294 -152.619483
DJI_0804.JPG 755504.403564 3279207.067419 41.100625 -0.191603 -1.418253 -152.466422
DJI_0805.JPG 755505.742554 3279205.597453 41.030239 -0.358896 -1.341360 -152.974843
DJI_0806.JPG 755507.083223 3279204.171998 41.036651 -0.045427 -1.456526 -152.837150
DJI_0807.JPG 755508.378405 3279202.731060 40.965282 0.410331 -2.162218 -152.275860
DJI_0808.JPG 755509.707485 3279201.360288 40.968499 -0.039829 -1.647846 -152.734568
DJI_0809.JPG 755511.008507 3279200.022121 41.106793 -0.090207 -1.352200 -153.546376
DJI_0810.JPG 755512.407356 3279198.604453 41.230015 -0.268217 -1.184521 -153.407764
DJI_0811.JPG 755515.075260 3279195.849305 41.454916 0.307424 -2.175338 -152.386616
DJI_0812.JPG 755513.300597 3279194.021916 41.477821 -0.750999 -2.874637 55.439797
DJI_0813.JPG 755511.886006 3279195.369175 41.195644 -1.835450 0.373260 56.057300
DJI_0814.JPG 755510.592371 3279196.628225 41.025088 -2.537075 1.602901 56.570939
DJI_0815.JPG 755509.180489 3279198.110654 41.064330 -2.692712 2.262930 56.677733
DJI_0816.JPG 755507.869323 3279199.482172 41.069006 -2.845747 2.605684 56.853795
DJI_0817.JPG 755506.571618 3279200.822366 41.046768 -3.292692 2.709095 57.285858
DJI_0818.JPG 755505.078397 3279202.122766 40.926330 -3.344592 3.023270 57.520742
DJI_0819.JPG 755503.705372 3279203.378123 40.949841 -3.423310 2.711658 56.135282
DJI_0820.JPG 755502.421788 3279204.893404 40.858408 -2.730078 2.869679 57.279919
DJI_0821.JPG 755501.208110 3279206.276277 40.899838 -4.015725 2.224019 58.734168
DJI_0822.JPG 755499.788870 3279207.688391 40.817911 -3.781784 1.502356 58.285760
DJI_0823.JPG 755498.400971 3279208.962633 40.807960 -4.018575 1.853576 58.566850
DJI_0824.JPG 755497.129744 3279210.469559 40.752030 -3.650982 1.977398 59.038350
DJI_0825.JPG 755495.832210 3279211.889333 40.761975 -3.860276 2.796301 59.793630
DJI_0826.JPG 755494.401155 3279213.515490 40.700603 -3.507191 2.369374 59.323724
DJI_0827.JPG 755493.089055 3279214.730646 40.606288 -3.338310 2.591513 59.437764
DJI_0828.JPG 755491.859760 3279216.172880 40.608168 -3.280626 2.642738 59.089044
DJI_0829.JPG 755490.388967 3279217.676933 40.666498 -3.284648 2.463062 60.717273
DJI_0830.JPG 755489.175946 3279219.013479 40.476328 -3.519999 3.148186 60.244423
DJI_0831.JPG 755487.728844 3279220.628961 40.573728 -3.095139 2.407993 60.678359
DJI_0832.JPG 755486.477982 3279221.909346 40.685291 -3.196893 2.803311 60.213477
DJI_0833.JPG 755485.249358 3279223.394873 40.668949 -2.936923 2.818313 60.239114
DJI_0834.JPG 755483.810579 3279224.838130 40.669903 -3.137509 2.813321 60.264971
DJI_0835.JPG 755482.418662 3279226.318911 40.549642 -3.393693 2.990751 59.829499
DJI_0836.JPG 755481.026784 3279227.800307 40.439286 -2.759078 2.514587 60.706885
DJI_0837.JPG 755479.558414 3279229.145680 40.446003 -2.897548 2.487335 60.198167
DJI_0838.JPG 755478.153502 3279230.555391 40.578162 -2.911774 2.560222 60.797156
DJI_0839.JPG 755476.829850 3279231.876628 40.710401 -2.778403 2.857521 57.354465
DJI_0840.JPG 755475.592798 3279233.419349 40.828663 -2.704181 3.306648 59.451699
DJI_0841.JPG 755474.275592 3279234.714878 40.865716 -2.613851 3.048399 57.839313
DJI_0842.JPG 755472.826220 3279236.237325 40.984275 -2.566833 2.681895 55.898869
DJI_0843.JPG 755471.643751 3279237.524422 40.905613 -2.557286 2.542217 55.545460
DJI_0844.JPG 755470.229346 3279239.033072 40.865983 -2.285422 2.302043 53.978495
DJI_0845.JPG 755468.960700 3279240.376332 40.868659 -1.737314 2.768706 37.143987
DJI_0846.JPG 755467.619417 3279241.777931 40.861676 -1.335249 2.811603 35.463535
DJI_0847.JPG 755466.318454 3279243.177821 40.861038 -1.565029 2.698698 47.339534
DJI_0848.JPG 755465.025369 3279244.575312 40.862346 -2.000786 2.535988 54.642824
DJI_0849.JPG 755463.704718 3279246.100710 40.762503 -2.141844 2.566836 58.658941
DJI_0850.JPG 755462.365446 3279247.453829 40.738075 -2.277815 2.819973 58.236278
DJI_0851.JPG 755461.089981 3279248.910562 40.570360 -2.706281 2.602354 60.977985
DJI_0852.JPG 755459.660551 3279250.177303 40.485022 -2.638697 2.398043 60.076278
DJI_0853.JPG 755458.265720 3279251.553238 40.525597 -2.345202 2.435611 59.754863
DJI_0854.JPG 755456.925178 3279253.005086 40.485888 -2.451623 2.179713 60.892928
DJI_0855.JPG 755455.517004 3279254.227188 40.460336 -1.823814 1.908918 60.990636
DJI_0856.JPG 755454.310051 3279255.716719 40.456606 -2.452130 2.587192 60.433742
DJI_0857.JPG 755452.947987 3279257.151578 40.385481 -2.674928 2.595778 61.416024
DJI_0858.JPG 755451.501642 3279258.510665 40.425400 -2.494344 2.353791 59.452361
DJI_0859.JPG 755450.183324 3279260.034857 40.420844 -2.254677 2.269007 60.188096
DJI_0860.JPG 755448.718149 3279261.373851 40.406971 -2.416332 2.226398 53.876641
DJI_0861.JPG 755447.459347 3279262.910663 40.458937 -2.630130 1.130541 62.731338
DJI_0862.JPG 755446.289561 3279264.349083 40.319435 -2.093633 1.576423 58.921504
